3,1,432,87,100,246,-1,-1,-1,-1
3,2,180,91,86,233,-1,-1,-1,-1
3,3,349,79,102,254,-1,-1,-1,-1
3,4,572,83,72,202,-1,-1,-1,-1
3,5,78,99,76,223,-1,-1,-1,-1
3,6,503,111,58,126,-1,-1,-1,-1
3,7,174,92,54,165,-1,-1,-1,-1
4,1,436,86,100,246,-1,-1,-1,-1
4,2,187,90,86,233,-1,-1,-1,-1
4,3,354,80,101,253,-1,-1,-1,-1
4,4,570,84,72,201,-1,-1,-1,-1
4,5,70,100,76,223,-1,-1,-1,-1
4,6,503,112,57,125,-1,-1,-1,-1
4,7,174,92,54,164,-1,-1,-1,-1
5,1,441,85,98,243,-1,-1,-1,-1
5,2,195,89,86,234,-1,-1,-1,-1
5,3,356,82,101,250,-1,-1,-1,-1
5,4,567,85,72,200,-1,-1,-1,-1
5,5,64,101,77,224,-1,-1,-1,-1
5,6,503,112,56,125,-1,-1,-1,-1
5,7,174,92,54,164,-1,-1,-1,-1
6,1,446,85,98,241,-1,-1,-1,-1
6,2,200,88,87,235,-1,-1,-1,-1
6,3,358,83,99,248,-1,-1,-1,-1
6,4,565,85,72,200,-1,-1,-1,-1
6,5,59,101,79,224,-1,-1,-1,-1
6,6,501,111,57,126,-1,-1,-1,-1
6,7,174,92,53,164,-1,-1,-1,-1
7,1,449,84,98,242,-1,-1,-1,-1
7,2,207,90,87,233,-1,-1,-1,-1
7,3,361,84,99,246,-1,-1,-1,-1
7,4,564,86,71,199,-1,-1,-1,-1
7,5,56,101,79,225,-1,-1,-1,-1
7,6,500,111,57,126,-1,-1,-1,-1
7,7,174,93,53,162,-1,-1,-1,-1
8,1,451,84,97,242,-1,-1,-1,-1
8,2,213,91,86,232,-1,-1,-1,-1
8,3,363,84,99,246,-1,-1,-1,-1
8,4,561,86,71,198,-1,-1,-1,-1
8,5,51,100,81,226,-1,-1,-1,-1
8,6,498,111,59,129,-1,-1,-1,-1
8,7,173,93,53,162,-1,-1,-1,-1
9,1,454,84,95,242,-1,-1,-1,-1
9,2,219,93,87,229,-1,-1,-1,-1
9,3,365,84,99,246,-1,-1,-1,-1
9,4,559,86,71,198,-1,-1,-1,-1
9,5,47,100,80,226,-1,-1,-1,-1
9,6,497,111,59,129,-1,-1,-1,-1
9,7,173,93,53,162,-1,-1,-1,-1
10,1,458,85,94,240,-1,-1,-1,-1
10,2,224,94,86,227,-1,-1,-1,-1
10,3,367,83,99,246,-1,-1,-1,-1
10,4,558,86,70,198,-1,-1,-1,-1
10,5,40,99,80,228,-1,-1,-1,-1
10,7,172,93,53,162,-1,-1,-1,-1
10,8,601,109,43,132,-1,-1,-1,-1
11,1,463,85,94,240,-1,-1,-1,-1
11,2,227,94,87,227,-1,-1,-1,-1
11,3,369,82,99,246,-1,-1,-1,-1
11,4,555,86,71,199,-1,-1,-1,-1
11,5,33,97,80,231,-1,-1,-1,-1
11,7,172,93,53,162,-1,-1,-1,-1
11,8,601,109,42,132,-1,-1,-1,-1
12,1,466,86,94,239,-1,-1,-1,-1
12,2,230,95,87,226,-1,-1,-1,-1
12,3,372,81,97,244,-1,-1,-1,-1
12,4,553,85,70,200,-1,-1,-1,-1
12,5,27,96,79,231,-1,-1,-1,-1
12,7,172,93,53,162,-1,-1,-1,-1
12,8,600,109,43,132,-1,-1,-1,-1
13,1,470,87,94,238,-1,-1,-1,-1
13,2,233,94,87,226,-1,-1,-1,-1
13,3,374,80,98,244,-1,-1,-1,-1
13,4,550,85,70,199,-1,-1,-1,-1
13,5,20,96,78,231,-1,-1,-1,-1
13,7,171,93,54,162,-1,-1,-1,-1
13,8,599,108,43,133,-1,-1,-1,-1
14,1,475,88,94,236,-1,-1,-1,-1
14,2,236,93,87,224,-1,-1,-1,-1
14,3,377,79,97,245,-1,-1,-1,-1
14,4,549,85,69,198,-1,-1,-1,-1
14,5,11,96,79,231,-1,-1,-1,-1
14,7,171,93,53,162,-1,-1,-1,-1
14,8,598,107,44,134,-1,-1,-1,-1
15,1,478,89,94,235,-1,-1,-1,-1
15,2,239,90,87,225,-1,-1,-1,-1
15,3,379,79,98,245,-1,-1,-1,-1
15,4,543,85,70,198,-1,-1,-1,-1
15,5,3,96,79,232,-1,-1,-1,-1
15,7,170,93,54,162,-1,-1,-1,-1
15,8,597,107,44,134,-1,-1,-1,-1
16,1,480,90,93,233,-1,-1,-1,-1
16,2,242,89,87,226,-1,-1,-1,-1
16,3,382,79,97,244,-1,-1,-1,-1
16,4,539,85,71,198,-1,-1,-1,-1
16,5,-4,97,81,233,-1,-1,-1,-1
16,7,171,93,53,162,-1,-1,-1,-1
16,8,596,106,45,135,-1,-1,-1,-1
17,1,481,89,93,234,-1,-1,-1,-1
17,2,245,88,86,226,-1,-1,-1,-1
17,3,385,80,97,243,-1,-1,-1,-1
17,4,539,85,70,199,-1,-1,-1,-1
17,5,-8,99,82,232,-1,-1,-1,-1
17,7,171,92,53,163,-1,-1,-1,-1
17,8,594,106,46,135,-1,-1,-1,-1
18,1,483,88,93,235,-1,-1,-1,-1
18,2,248,88,85,225,-1,-1,-1,-1
18,3,389,81,96,242,-1,-1,-1,-1
18,4,538,86,70,198,-1,-1,-1,-1
18,5,-12,101,84,230,-1,-1,-1,-1
18,7,170,93,54,162,-1,-1,-1,-1
18,8,593,106,47,135,-1,-1,-1,-1
19,1,486,88,93,234,-1,-1,-1,-1
19,2,252,89,85,224,-1,-1,-1,-1
19,3,393,81,97,242,-1,-1,-1,-1
19,4,535,87,70,197,-1,-1,-1,-1
19,5,-14,102,85,229,-1,-1,-1,-1
19,7,170,93,54,162,-1,-1,-1,-1
19,8,591,105,48,137,-1,-1,-1,-1
20,1,490,87,93,235,-1,-1,-1,-1
20,2,258,90,84,223,-1,-1,-1,-1
20,3,398,83,97,240,-1,-1,-1,-1
20,4,533,86,69,197,-1,-1,-1,-1
20,5,-17,101,88,230,-1,-1,-1,-1
20,7,170,93,53,162,-1,-1,-1,-1
20,8,590,106,48,136,-1,-1,-1,-1
21,1,495,87,92,234,-1,-1,-1,-1
21,2,263,92,83,220,-1,-1,-1,-1
21,3,403,84,97,238,-1,-1,-1,-1
21,4,529,86,70,197,-1,-1,-1,-1
21,5,-21,100,89,231,-1,-1,-1,-1
21,7,170,93,53,162,-1,-1,-1,-1
21,8,588,106,49,136,-1,-1,-1,-1
22,1,499,85,91,234,-1,-1,-1,-1
22,2,267,94,83,218,-1,-1,-1,-1
22,3,405,85,97,237,-1,-1,-1,-1
22,4,530,91,68,191,-1,-1,-1,-1
22,5,-30,97,91,234,-1,-1,-1,-1
22,7,170,92,54,163,-1,-1,-1,-1
22,8,587,107,50,135,-1,-1,-1,-1
23,1,502,84,92,234,-1,-1,-1,-1
23,2,269,96,82,216,-1,-1,-1,-1
23,3,407,85,97,236,-1,-1,-1,-1
23,4,523,97,68,188,-1,-1,-1,-1
23,5,-41,92,94,239,-1,-1,-1,-1
23,7,170,92,53,164,-1,-1,-1,-1
23,8,585,107,51,136,-1,-1,-1,-1
24,1,505,84,91,233,-1,-1,-1,-1
24,2,270,96,83,215,-1,-1,-1,-1
24,3,409,85,97,236,-1,-1,-1,-1
24,4,521,98,67,187,-1,-1,-1,-1
24,5,-51,83,97,249,-1,-1,-1,-1
24,7,170,92,53,164,-1,-1,-1,-1
24,8,584,107,52,136,-1,-1,-1,-1
25,1,508,83,91,233,-1,-1,-1,-1
25,2,273,96,82,215,-1,-1,-1,-1
25,3,412,84,98,236,-1,-1,-1,-1
25,4,509,92,72,194,-1,-1,-1,-1
25,5,-62,80,98,255,-1,-1,-1,-1
25,7,169,92,54,164,-1,-1,-1,-1
25,8,584,108,52,135,-1,-1,-1,-1
25,9,472,110,48,123,-1,-1,-1,-1
26,1,510,83,92,234,-1,-1,-1,-1
26,2,277,96,81,213,-1,-1,-1,-1
26,3,415,83,100,236,-1,-1,-1,-1
26,4,506,91,73,194,-1,-1,-1,-1
26,5,-69,78,100,257,-1,-1,-1,-1
26,7,169,92,54,164,-1,-1,-1,-1
26,8,583,108,53,135,-1,-1,-1,-1
26,9,472,110,46,119,-1,-1,-1,-1
27,1,513,85,92,232,-1,-1,-1,-1
27,2,282,94,81,213,-1,-1,-1,-1
27,3,419,82,99,236,-1,-1,-1,-1
27,4,503,91,76,195,-1,-1,-1,-1
27,7,169,92,54,163,-1,-1,-1,-1
27,8,583,107,54,136,-1,-1,-1,-1
27,9,470,110,46,121,-1,-1,-1,-1
28,1,518,87,91,230,-1,-1,-1,-1
28,2,288,93,81,213,-1,-1,-1,-1
28,3,423,81,99,235,-1,-1,-1,-1
28,4,501,92,77,193,-1,-1,-1,-1
28,7,169,92,53,163,-1,-1,-1,-1
28,8,581,106,54,138,-1,-1,-1,-1
28,9,470,110,45,121,-1,-1,-1,-1
29,1,521,88,91,229,-1,-1,-1,-1
29,2,294,91,81,215,-1,-1,-1,-1
29,3,427,80,99,236,-1,-1,-1,-1
29,4,494,92,76,193,-1,-1,-1,-1
29,7,169,92,53,163,-1,-1,-1,-1
29,8,579,105,56,138,-1,-1,-1,-1
30,1,524,89,90,228,-1,-1,-1,-1
30,2,300,91,82,215,-1,-1,-1,-1
30,3,430,80,100,236,-1,-1,-1,-1
30,4,497,91,78,193,-1,-1,-1,-1
30,7,169,92,53,163,-1,-1,-1,-1
30,8,579,105,56,138,-1,-1,-1,-1
31,1,529,91,90,226,-1,-1,-1,-1
31,2,305,91,81,215,-1,-1,-1,-1
31,3,433,80,99,235,-1,-1,-1,-1
31,4,497,90,80,194,-1,-1,-1,-1
31,7,169,92,53,163,-1,-1,-1,-1
31,8,579,104,57,140,-1,-1,-1,-1
32,1,532,91,89,226,-1,-1,-1,-1
32,2,309,91,81,215,-1,-1,-1,-1
32,3,436,80,100,236,-1,-1,-1,-1
32,4,494,90,81,193,-1,-1,-1,-1
32,7,169,92,52,163,-1,-1,-1,-1
32,8,579,104,58,140,-1,-1,-1,-1
33,1,535,89,90,227,-1,-1,-1,-1
33,2,313,93,81,213,-1,-1,-1,-1
33,3,439,81,100,234,-1,-1,-1,-1
33,4,489,90,80,193,-1,-1,-1,-1
33,7,169,92,53,164,-1,-1,-1,-1
33,8,578,104,59,140,-1,-1,-1,-1
34,1,541,89,90,227,-1,-1,-1,-1
34,2,318,95,80,210,-1,-1,-1,-1
34,3,443,82,99,233,-1,-1,-1,-1
34,4,482,89,79,194,-1,-1,-1,-1
34,7,169,93,52,162,-1,-1,-1,-1
34,8,577,103,60,141,-1,-1,-1,-1
35,1,545,87,90,227,-1,-1,-1,-1
35,2,321,96,80,208,-1,-1,-1,-1
35,3,446,84,98,231,-1,-1,-1,-1
35,4,478,90,78,193,-1,-1,-1,-1
35,7,169,93,52,162,-1,-1,-1,-1
36,1,547,86,90,226,-1,-1,-1,-1
36,2,323,97,81,207,-1,-1,-1,-1
36,3,448,87,98,227,-1,-1,-1,-1
36,4,473,89,78,194,-1,-1,-1,-1
36,7,169,93,52,162,-1,-1,-1,-1
37,1,550,85,89,226,-1,-1,-1,-1
37,2,326,96,81,208,-1,-1,-1,-1
37,3,450,87,97,227,-1,-1,-1,-1
37,4,468,89,78,194,-1,-1,-1,-1
37,7,169,93,52,162,-1,-1,-1,-1
38,1,553,85,89,226,-1,-1,-1,-1
38,2,331,96,80,207,-1,-1,-1,-1
38,3,451,87,97,227,-1,-1,-1,-1
38,4,466,91,76,192,-1,-1,-1,-1
38,7,169,93,52,162,-1,-1,-1,-1
38,10,443,106,47,135,-1,-1,-1,-1
39,1,555,85,88,226,-1,-1,-1,-1
39,2,335,95,80,206,-1,-1,-1,-1
39,3,455,86,97,228,-1,-1,-1,-1
39,4,462,91,77,192,-1,-1,-1,-1
39,7,169,93,52,162,-1,-1,-1,-1
39,10,441,106,47,135,-1,-1,-1,-1
40,1,557,85,86,225,-1,-1,-1,-1
40,2,340,94,80,206,-1,-1,-1,-1
40,3,457,86,97,227,-1,-1,-1,-1
40,7,169,93,52,162,-1,-1,-1,-1
40,10,440,106,47,135,-1,-1,-1,-1
41,1,560,86,86,224,-1,-1,-1,-1
41,2,343,92,79,207,-1,-1,-1,-1
41,3,460,84,96,227,-1,-1,-1,-1
41,7,169,93,52,162,-1,-1,-1,-1
41,10,439,106,47,135,-1,-1,-1,-1
42,1,563,86,85,224,-1,-1,-1,-1
42,2,345,91,79,208,-1,-1,-1,-1
42,3,463,84,95,225,-1,-1,-1,-1
42,4,461,92,74,188,-1,-1,-1,-1
42,7,169,93,52,162,-1,-1,-1,-1
42,10,438,106,46,135,-1,-1,-1,-1
43,1,567,88,85,223,-1,-1,-1,-1
43,2,349,91,79,207,-1,-1,-1,-1
43,3,465,83,95,226,-1,-1,-1,-1
43,4,457,92,74,187,-1,-1,-1,-1
43,7,169,93,52,162,-1,-1,-1,-1
43,10,436,107,46,134,-1,-1,-1,-1
44,1,570,89,84,221,-1,-1,-1,-1
44,2,352,91,78,207,-1,-1,-1,-1
44,3,468,82,95,227,-1,-1,-1,-1
44,4,455,93,72,186,-1,-1,-1,-1
44,7,169,93,52,162,-1,-1,-1,-1
44,10,435,108,45,132,-1,-1,-1,-1
45,1,571,90,84,220,-1,-1,-1,-1
45,2,357,92,78,205,-1,-1,-1,-1
45,3,473,82,95,227,-1,-1,-1,-1
45,4,453,93,72,186,-1,-1,-1,-1
45,7,169,93,52,162,-1,-1,-1,-1
45,10,432,108,45,132,-1,-1,-1,-1
46,1,573,91,82,219,-1,-1,-1,-1
46,2,362,94,77,203,-1,-1,-1,-1
46,3,477,82,94,226,-1,-1,-1,-1
46,4,451,93,72,186,-1,-1,-1,-1
46,7,169,92,52,163,-1,-1,-1,-1
46,10,432,109,44,131,-1,-1,-1,-1
47,1,574,91,82,219,-1,-1,-1,-1
47,2,366,96,77,201,-1,-1,-1,-1
47,3,483,83,93,225,-1,-1,-1,-1
47,4,450,93,71,186,-1,-1,-1,-1
47,7,169,92,52,163,-1,-1,-1,-1
47,10,431,109,44,132,-1,-1,-1,-1
48,1,576,90,81,220,-1,-1,-1,-1
48,2,368,97,77,199,-1,-1,-1,-1
48,3,488,85,94,223,-1,-1,-1,-1
48,4,447,92,70,187,-1,-1,-1,-1
48,7,169,92,51,163,-1,-1,-1,-1
48,10,430,110,44,131,-1,-1,-1,-1
49,1,578,89,81,221,-1,-1,-1,-1
49,2,369,98,77,198,-1,-1,-1,-1
49,3,491,86,95,222,-1,-1,-1,-1
49,4,444,92,70,187,-1,-1,-1,-1
49,7,169,92,51,163,-1,-1,-1,-1
49,10,426,110,45,131,-1,-1,-1,-1
50,1,581,88,80,220,-1,-1,-1,-1
50,2,372,98,76,198,-1,-1,-1,-1
50,3,495,87,95,220,-1,-1,-1,-1
50,4,441,91,69,187,-1,-1,-1,-1
50,7,169,92,52,164,-1,-1,-1,-1
50,10,425,110,44,131,-1,-1,-1,-1
51,1,583,88,80,220,-1,-1,-1,-1
51,2,375,97,76,198,-1,-1,-1,-1
51,3,496,88,96,219,-1,-1,-1,-1
51,4,439,91,68,188,-1,-1,-1,-1
51,7,169,92,51,163,-1,-1,-1,-1
51,8,579,104,56,139,-1,-1,-1,-1
51,10,423,109,45,133,-1,-1,-1,-1
52,1,585,88,79,219,-1,-1,-1,-1
52,2,380,96,75,198,-1,-1,-1,-1
52,3,498,88,96,219,-1,-1,-1,-1
52,4,436,91,68,187,-1,-1,-1,-1
52,7,169,92,51,163,-1,-1,-1,-1
52,8,580,105,53,138,-1,-1,-1,-1
52,10,422,109,45,131,-1,-1,-1,-1
53,1,586,87,79,219,-1,-1,-1,-1
53,2,386,95,76,198,-1,-1,-1,-1
53,3,501,88,96,219,-1,-1,-1,-1
53,4,433,91,67,188,-1,-1,-1,-1
53,7,169,92,52,163,-1,-1,-1,-1
53,8,580,105,52,138,-1,-1,-1,-1
53,10,421,109,44,131,-1,-1,-1,-1
54,1,588,86,79,220,-1,-1,-1,-1
54,2,392,93,76,200,-1,-1,-1,-1
54,3,504,87,97,219,-1,-1,-1,-1
54,4,431,91,67,187,-1,-1,-1,-1
54,7,169,91,52,164,-1,-1,-1,-1
54,8,581,105,50,138,-1,-1,-1,-1
55,1,590,86,79,220,-1,-1,-1,-1
55,2,397,92,75,200,-1,-1,-1,-1
55,3,506,87,98,219,-1,-1,-1,-1
55,4,427,91,68,188,-1,-1,-1,-1
55,7,169,91,52,164,-1,-1,-1,-1
55,8,581,103,50,141,-1,-1,-1,-1
56,1,593,87,78,219,-1,-1,-1,-1
56,2,401,92,75,200,-1,-1,-1,-1
56,3,511,86,98,218,-1,-1,-1,-1
56,4,422,92,68,189,-1,-1,-1,-1
56,7,169,91,51,164,-1,-1,-1,-1
56,8,582,104,50,140,-1,-1,-1,-1
57,1,596,89,78,216,-1,-1,-1,-1
57,2,403,93,75,199,-1,-1,-1,-1
57,3,514,85,98,219,-1,-1,-1,-1
57,4,418,93,69,188,-1,-1,-1,-1
57,7,169,92,51,163,-1,-1,-1,-1
57,8,582,105,48,139,-1,-1,-1,-1
58,1,600,90,76,216,-1,-1,-1,-1
58,2,406,95,75,197,-1,-1,-1,-1
58,3,518,84,98,219,-1,-1,-1,-1
58,4,414,93,70,188,-1,-1,-1,-1
58,7,169,92,51,163,-1,-1,-1,-1
58,8,580,104,48,140,-1,-1,-1,-1
59,1,603,95,73,211,-1,-1,-1,-1
59,2,408,95,76,196,-1,-1,-1,-1
59,3,521,83,98,220,-1,-1,-1,-1
59,7,169,92,51,163,-1,-1,-1,-1
59,8,580,105,48,139,-1,-1,-1,-1
60,1,606,97,73,210,-1,-1,-1,-1
60,2,409,95,76,195,-1,-1,-1,-1
60,3,525,83,96,219,-1,-1,-1,-1
60,7,169,92,51,163,-1,-1,-1,-1
60,8,580,105,48,139,-1,-1,-1,-1
60,10,408,108,45,130,-1,-1,-1,-1
61,1,608,98,73,208,-1,-1,-1,-1
61,2,415,97,76,193,-1,-1,-1,-1
61,3,527,84,96,219,-1,-1,-1,-1
61,4,407,96,69,180,-1,-1,-1,-1
61,7,169,92,51,163,-1,-1,-1,-1
61,8,580,105,48,139,-1,-1,-1,-1
61,10,406,108,45,129,-1,-1,-1,-1
62,2,420,97,76,193,-1,-1,-1,-1
62,3,531,85,95,218,-1,-1,-1,-1
62,4,402,93,71,182,-1,-1,-1,-1
62,7,169,92,51,163,-1,-1,-1,-1
62,8,579,104,48,140,-1,-1,-1,-1
63,2,425,98,76,192,-1,-1,-1,-1
63,3,536,87,94,216,-1,-1,-1,-1
63,4,399,93,71,182,-1,-1,-1,-1
63,7,169,92,51,163,-1,-1,-1,-1
63,8,576,101,49,143,-1,-1,-1,-1
64,2,429,97,75,192,-1,-1,-1,-1
64,3,538,88,94,215,-1,-1,-1,-1
64,4,397,93,72,181,-1,-1,-1,-1
64,7,169,92,52,163,-1,-1,-1,-1
64,8,575,101,49,144,-1,-1,-1,-1
65,2,431,96,75,191,-1,-1,-1,-1
65,3,540,89,93,213,-1,-1,-1,-1
65,4,394,92,73,182,-1,-1,-1,-1
65,7,168,92,52,163,-1,-1,-1,-1
66,2,433,95,76,192,-1,-1,-1,-1
66,3,543,89,91,213,-1,-1,-1,-1
66,4,391,91,74,184,-1,-1,-1,-1
66,7,168,92,53,163,-1,-1,-1,-1
67,2,437,94,75,192,-1,-1,-1,-1
67,3,545,89,91,212,-1,-1,-1,-1
67,4,388,90,74,185,-1,-1,-1,-1
67,7,168,92,53,163,-1,-1,-1,-1
68,2,439,93,75,194,-1,-1,-1,-1
68,3,547,88,91,213,-1,-1,-1,-1
68,4,385,90,73,185,-1,-1,-1,-1
68,7,168,92,54,163,-1,-1,-1,-1
69,1,610,106,55,167,-1,-1,-1,-1
69,2,440,92,76,194,-1,-1,-1,-1
69,3,549,87,91,214,-1,-1,-1,-1
69,4,383,91,71,184,-1,-1,-1,-1
69,7,169,92,53,164,-1,-1,-1,-1
70,1,609,105,54,167,-1,-1,-1,-1
70,2,444,91,75,194,-1,-1,-1,-1
70,3,551,86,90,213,-1,-1,-1,-1
70,4,380,91,72,184,-1,-1,-1,-1
70,7,169,92,54,163,-1,-1,-1,-1
71,1,609,105,54,165,-1,-1,-1,-1
71,2,448,92,74,193,-1,-1,-1,-1
71,3,554,85,89,213,-1,-1,-1,-1
71,4,379,91,70,184,-1,-1,-1,-1
71,7,169,92,54,163,-1,-1,-1,-1
72,2,451,93,74,192,-1,-1,-1,-1
72,3,556,83,89,215,-1,-1,-1,-1
72,4,377,92,70,183,-1,-1,-1,-1
72,7,170,91,54,164,-1,-1,-1,-1
72,10,392,106,49,136,-1,-1,-1,-1
73,2,453,94,73,191,-1,-1,-1,-1
73,3,559,83,88,214,-1,-1,-1,-1
73,4,375,92,69,183,-1,-1,-1,-1
73,7,170,92,55,163,-1,-1,-1,-1
73,10,392,105,50,137,-1,-1,-1,-1
74,2,456,95,72,190,-1,-1,-1,-1
74,3,562,83,87,213,-1,-1,-1,-1
74,4,373,93,68,182,-1,-1,-1,-1
74,7,170,92,56,163,-1,-1,-1,-1
74,10,392,105,50,138,-1,-1,-1,-1
75,1,563,108,46,139,-1,-1,-1,-1
75,2,459,96,71,188,-1,-1,-1,-1
75,3,565,84,86,213,-1,-1,-1,-1
75,4,371,94,68,181,-1,-1,-1,-1
75,7,171,92,56,163,-1,-1,-1,-1
75,10,391,105,51,138,-1,-1,-1,-1
76,1,559,108,45,137,-1,-1,-1,-1
76,2,460,95,72,189,-1,-1,-1,-1
76,3,567,85,84,211,-1,-1,-1,-1
76,4,369,94,67,182,-1,-1,-1,-1
76,7,171,92,57,163,-1,-1,-1,-1
76,10,391,105,51,138,-1,-1,-1,-1
77,1,556,107,46,138,-1,-1,-1,-1
77,2,463,95,72,188,-1,-1,-1,-1
77,3,569,86,84,209,-1,-1,-1,-1
77,4,366,95,67,180,-1,-1,-1,-1
77,7,171,92,57,163,-1,-1,-1,-1
77,10,390,105,52,137,-1,-1,-1,-1
78,1,554,107,47,139,-1,-1,-1,-1
78,2,467,94,72,188,-1,-1,-1,-1
78,3,575,87,82,209,-1,-1,-1,-1
78,4,363,95,66,179,-1,-1,-1,-1
78,7,172,92,57,163,-1,-1,-1,-1
78,10,389,106,53,137,-1,-1,-1,-1
79,1,553,106,47,140,-1,-1,-1,-1
79,2,471,94,72,187,-1,-1,-1,-1
79,3,578,89,82,206,-1,-1,-1,-1
79,4,361,95,66,178,-1,-1,-1,-1
79,7,172,92,58,163,-1,-1,-1,-1
79,10,390,106,53,137,-1,-1,-1,-1
80,1,550,106,48,140,-1,-1,-1,-1
80,2,476,93,72,188,-1,-1,-1,-1
80,3,580,89,81,206,-1,-1,-1,-1
80,4,360,95,65,178,-1,-1,-1,-1
80,7,173,93,58,162,-1,-1,-1,-1
80,10,390,107,53,136,-1,-1,-1,-1
81,1,548,106,51,145,-1,-1,-1,-1
81,2,479,93,72,187,-1,-1,-1,-1
81,3,583,89,81,206,-1,-1,-1,-1
81,4,358,94,65,178,-1,-1,-1,-1
81,7,173,92,59,163,-1,-1,-1,-1
81,10,391,107,52,137,-1,-1,-1,-1
82,1,545,106,50,143,-1,-1,-1,-1
82,2,480,93,73,187,-1,-1,-1,-1
82,3,584,88,82,208,-1,-1,-1,-1
82,4,356,93,65,179,-1,-1,-1,-1
82,7,174,93,59,162,-1,-1,-1,-1
82,10,390,107,53,137,-1,-1,-1,-1
83,1,546,107,47,135,-1,-1,-1,-1
83,2,482,94,74,187,-1,-1,-1,-1
83,3,586,86,82,209,-1,-1,-1,-1
83,4,354,92,65,179,-1,-1,-1,-1
83,7,175,93,59,162,-1,-1,-1,-1
83,10,390,106,53,138,-1,-1,-1,-1
83,12,556,111,82,162,-1,-1,-1,-1
84,1,547,108,46,133,-1,-1,-1,-1
84,2,488,96,74,185,-1,-1,-1,-1
84,3,590,84,82,210,-1,-1,-1,-1
84,4,353,92,64,178,-1,-1,-1,-1
84,7,175,93,60,162,-1,-1,-1,-1
84,10,390,106,53,137,-1,-1,-1,-1
84,12,549,110,82,162,-1,-1,-1,-1
85,1,544,108,46,131,-1,-1,-1,-1
85,2,491,97,73,183,-1,-1,-1,-1
85,3,594,84,80,207,-1,-1,-1,-1
85,4,351,91,64,178,-1,-1,-1,-1
85,7,176,94,60,161,-1,-1,-1,-1
85,10,390,106,53,137,-1,-1,-1,-1
85,12,546,109,82,164,-1,-1,-1,-1
86,2,494,98,73,181,-1,-1,-1,-1
86,3,600,84,78,205,-1,-1,-1,-1
86,4,349,91,64,178,-1,-1,-1,-1
86,7,177,94,60,160,-1,-1,-1,-1
86,10,391,106,53,137,-1,-1,-1,-1
86,12,543,108,82,165,-1,-1,-1,-1
87,2,497,99,73,180,-1,-1,-1,-1
87,3,604,84,78,205,-1,-1,-1,-1
87,4,348,91,63,179,-1,-1,-1,-1
87,7,177,94,61,161,-1,-1,-1,-1
87,10,390,105,54,138,-1,-1,-1,-1
87,12,544,108,81,165,-1,-1,-1,-1
88,2,498,99,74,181,-1,-1,-1,-1
88,3,607,84,78,205,-1,-1,-1,-1
88,4,346,92,63,178,-1,-1,-1,-1
88,7,177,94,62,161,-1,-1,-1,-1
88,10,390,105,54,138,-1,-1,-1,-1
88,12,543,107,81,166,-1,-1,-1,-1
89,2,501,100,74,180,-1,-1,-1,-1
89,4,342,92,64,178,-1,-1,-1,-1
89,7,178,94,62,160,-1,-1,-1,-1
89,10,389,105,55,138,-1,-1,-1,-1
89,12,541,108,79,165,-1,-1,-1,-1
90,2,505,99,75,181,-1,-1,-1,-1
90,4,338,92,65,178,-1,-1,-1,-1
90,7,178,94,63,161,-1,-1,-1,-1
90,10,389,105,55,138,-1,-1,-1,-1
90,12,534,109,78,164,-1,-1,-1,-1
91,2,510,98,74,181,-1,-1,-1,-1
91,4,334,92,65,178,-1,-1,-1,-1
91,7,179,94,63,160,-1,-1,-1,-1
91,10,388,105,56,139,-1,-1,-1,-1
91,12,530,109,77,164,-1,-1,-1,-1
92,2,516,98,73,180,-1,-1,-1,-1
92,4,330,92,67,177,-1,-1,-1,-1
92,7,179,94,63,160,-1,-1,-1,-1
92,10,387,105,56,139,-1,-1,-1,-1
92,12,527,109,76,163,-1,-1,-1,-1
93,2,520,97,74,180,-1,-1,-1,-1
93,4,327,93,68,176,-1,-1,-1,-1
93,7,180,94,64,160,-1,-1,-1,-1
93,10,387,106,55,138,-1,-1,-1,-1
93,12,523,109,77,163,-1,-1,-1,-1
94,2,523,96,74,180,-1,-1,-1,-1
94,4,326,94,68,175,-1,-1,-1,-1
94,7,181,94,64,160,-1,-1,-1,-1
94,10,386,105,56,139,-1,-1,-1,-1
95,2,525,96,74,180,-1,-1,-1,-1
95,4,324,94,69,175,-1,-1,-1,-1
95,7,182,94,63,160,-1,-1,-1,-1
95,10,384,105,57,139,-1,-1,-1,-1
95,12,510,106,76,164,-1,-1,-1,-1
96,2,531,98,73,178,-1,-1,-1,-1
96,4,323,95,69,174,-1,-1,-1,-1
96,7,182,93,63,161,-1,-1,-1,-1
96,10,384,106,57,138,-1,-1,-1,-1
96,12,509,108,75,163,-1,-1,-1,-1
97,2,538,99,73,177,-1,-1,-1,-1
97,4,322,95,68,173,-1,-1,-1,-1
97,7,183,93,63,160,-1,-1,-1,-1
97,10,384,106,58,138,-1,-1,-1,-1
97,12,508,111,74,161,-1,-1,-1,-1
98,2,543,100,74,175,-1,-1,-1,-1
98,4,321,95,69,173,-1,-1,-1,-1
98,7,183,93,63,160,-1,-1,-1,-1
98,10,383,106,58,138,-1,-1,-1,-1
98,12,505,112,71,158,-1,-1,-1,-1
99,2,546,101,74,173,-1,-1,-1,-1
99,3,532,106,54,145,-1,-1,-1,-1
99,4,319,94,69,174,-1,-1,-1,-1
99,7,183,93,63,160,-1,-1,-1,-1
99,10,382,106,59,138,-1,-1,-1,-1
99,12,502,112,69,158,-1,-1,-1,-1
100,2,547,101,74,174,-1,-1,-1,-1
100,3,528,108,53,143,-1,-1,-1,-1
100,4,318,93,69,175,-1,-1,-1,-1
100,7,183,93,63,160,-1,-1,-1,-1
100,10,381,106,59,139,-1,-1,-1,-1
100,12,499,111,68,158,-1,-1,-1,-1
101,2,548,101,74,173,-1,-1,-1,-1
101,3,523,109,53,148,-1,-1,-1,-1
101,4,316,92,70,176,-1,-1,-1,-1
101,7,183,93,63,160,-1,-1,-1,-1
101,10,381,106,59,139,-1,-1,-1,-1
101,12,496,110,67,159,-1,-1,-1,-1
102,2,550,100,74,175,-1,-1,-1,-1
102,3,523,109,51,144,-1,-1,-1,-1
102,4,314,92,69,176,-1,-1,-1,-1
102,7,182,94,64,159,-1,-1,-1,-1
102,10,380,105,60,140,-1,-1,-1,-1
102,12,494,110,67,159,-1,-1,-1,-1
103,2,552,100,74,174,-1,-1,-1,-1
103,3,526,109,51,142,-1,-1,-1,-1
103,4,311,91,70,176,-1,-1,-1,-1
103,7,182,93,63,160,-1,-1,-1,-1
103,10,380,105,60,140,-1,-1,-1,-1
103,12,490,109,66,160,-1,-1,-1,-1
104,2,556,99,73,174,-1,-1,-1,-1
104,3,527,109,51,142,-1,-1,-1,-1
104,4,309,91,69,176,-1,-1,-1,-1
104,7,182,93,63,160,-1,-1,-1,-1
104,10,379,105,61,140,-1,-1,-1,-1
104,12,487,109,65,160,-1,-1,-1,-1
105,2,560,97,72,175,-1,-1,-1,-1
105,3,525,108,52,142,-1,-1,-1,-1
105,4,308,91,68,175,-1,-1,-1,-1
105,7,182,93,63,160,-1,-1,-1,-1
105,10,379,104,61,141,-1,-1,-1,-1
105,12,482,109,64,159,-1,-1,-1,-1
106,2,565,95,72,177,-1,-1,-1,-1
106,3,524,107,53,143,-1,-1,-1,-1
106,4,306,91,68,175,-1,-1,-1,-1
106,7,181,93,64,160,-1,-1,-1,-1
106,10,379,104,61,141,-1,-1,-1,-1
106,12,476,109,64,160,-1,-1,-1,-1
107,2,569,95,72,176,-1,-1,-1,-1
107,3,523,106,54,144,-1,-1,-1,-1
107,4,305,92,67,173,-1,-1,-1,-1
107,7,181,93,63,159,-1,-1,-1,-1
107,10,379,104,61,141,-1,-1,-1,-1
107,12,470,110,65,159,-1,-1,-1,-1
108,2,571,94,73,178,-1,-1,-1,-1
108,3,523,105,56,145,-1,-1,-1,-1
108,4,305,92,66,172,-1,-1,-1,-1
108,7,181,93,63,159,-1,-1,-1,-1
108,10,379,104,61,142,-1,-1,-1,-1
108,12,465,111,66,157,-1,-1,-1,-1
109,2,577,95,72,177,-1,-1,-1,-1
109,3,520,105,57,145,-1,-1,-1,-1
109,4,304,92,66,173,-1,-1,-1,-1
109,7,181,93,63,159,-1,-1,-1,-1
109,10,378,104,62,142,-1,-1,-1,-1
109,12,461,111,68,157,-1,-1,-1,-1
110,2,580,96,71,176,-1,-1,-1,-1
110,3,522,104,59,147,-1,-1,-1,-1
110,4,303,93,65,172,-1,-1,-1,-1
110,7,180,92,65,161,-1,-1,-1,-1
110,10,378,104,62,142,-1,-1,-1,-1
110,12,459,112,69,156,-1,-1,-1,-1
111,2,582,97,70,175,-1,-1,-1,-1
111,3,519,104,61,147,-1,-1,-1,-1
111,4,302,93,65,172,-1,-1,-1,-1
111,7,181,92,64,161,-1,-1,-1,-1
111,10,378,104,62,142,-1,-1,-1,-1
111,12,458,113,71,155,-1,-1,-1,-1
112,2,584,97,69,174,-1,-1,-1,-1
112,3,516,105,63,147,-1,-1,-1,-1
112,4,301,93,65,173,-1,-1,-1,-1
112,7,181,92,64,160,-1,-1,-1,-1
112,10,379,105,62,142,-1,-1,-1,-1
112,12,457,113,72,155,-1,-1,-1,-1
113,2,586,98,68,173,-1,-1,-1,-1
113,3,514,105,64,147,-1,-1,-1,-1
113,4,300,94,65,171,-1,-1,-1,-1
113,7,181,92,64,160,-1,-1,-1,-1
113,10,379,105,62,142,-1,-1,-1,-1
113,12,456,114,73,154,-1,-1,-1,-1
114,2,588,98,67,173,-1,-1,-1,-1
114,3,512,106,65,146,-1,-1,-1,-1
114,4,300,94,64,171,-1,-1,-1,-1
114,7,181,92,64,160,-1,-1,-1,-1
114,10,380,105,63,143,-1,-1,-1,-1
114,12,454,113,74,155,-1,-1,-1,-1
115,2,590,97,66,175,-1,-1,-1,-1
115,3,507,108,65,145,-1,-1,-1,-1
115,4,299,95,63,170,-1,-1,-1,-1
115,7,182,93,64,159,-1,-1,-1,-1
115,10,382,106,62,142,-1,-1,-1,-1
115,12,451,113,75,155,-1,-1,-1,-1
116,2,593,97,63,172,-1,-1,-1,-1
116,3,506,108,66,145,-1,-1,-1,-1
116,4,298,95,63,169,-1,-1,-1,-1
116,7,182,93,64,159,-1,-1,-1,-1
116,10,382,107,62,142,-1,-1,-1,-1
116,12,449,112,74,155,-1,-1,-1,-1
117,2,595,96,63,173,-1,-1,-1,-1
117,3,504,109,67,144,-1,-1,-1,-1
117,4,297,95,63,169,-1,-1,-1,-1
117,7,183,93,64,159,-1,-1,-1,-1
117,10,383,106,63,143,-1,-1,-1,-1
117,12,445,112,74,155,-1,-1,-1,-1
118,2,599,94,62,174,-1,-1,-1,-1
118,3,502,108,68,146,-1,-1,-1,-1
118,4,297,95,62,169,-1,-1,-1,-1
118,7,184,92,64,160,-1,-1,-1,-1
118,10,383,106,64,143,-1,-1,-1,-1
118,12,440,111,73,155,-1,-1,-1,-1
119,2,602,93,61,175,-1,-1,-1,-1
119,3,499,108,67,145,-1,-1,-1,-1
119,4,296,94,62,169,-1,-1,-1,-1
119,7,184,92,65,160,-1,-1,-1,-1
119,10,384,106,64,144,-1,-1,-1,-1
119,12,435,110,72,156,-1,-1,-1,-1
120,2,604,93,61,175,-1,-1,-1,-1
120,3,498,107,67,147,-1,-1,-1,-1
120,4,295,93,63,170,-1,-1,-1,-1
120,7,185,91,65,161,-1,-1,-1,-1
120,10,385,106,64,144,-1,-1,-1,-1
120,12,431,110,70,156,-1,-1,-1,-1
121,2,607,93,60,174,-1,-1,-1,-1
121,3,495,106,67,148,-1,-1,-1,-1
121,4,295,93,62,169,-1,-1,-1,-1
121,7,187,91,64,161,-1,-1,-1,-1
121,10,385,106,64,144,-1,-1,-1,-1
121,12,427,110,69,157,-1,-1,-1,-1
122,2,609,94,60,173,-1,-1,-1,-1
122,3,493,106,66,148,-1,-1,-1,-1
122,4,295,92,61,169,-1,-1,-1,-1
122,7,187,91,65,161,-1,-1,-1,-1
122,10,385,106,64,144,-1,-1,-1,-1
122,12,425,110,67,157,-1,-1,-1,-1
123,2,611,96,58,171,-1,-1,-1,-1
123,3,494,105,67,149,-1,-1,-1,-1
123,4,295,91,61,169,-1,-1,-1,-1
123,7,188,91,65,161,-1,-1,-1,-1
123,10,385,106,64,144,-1,-1,-1,-1
123,12,423,111,66,156,-1,-1,-1,-1
124,2,613,103,55,163,-1,-1,-1,-1
124,3,494,105,68,149,-1,-1,-1,-1
124,4,294,91,61,169,-1,-1,-1,-1
124,7,189,91,64,161,-1,-1,-1,-1
124,10,385,106,64,144,-1,-1,-1,-1
124,12,419,111,65,156,-1,-1,-1,-1
125,2,615,104,55,162,-1,-1,-1,-1
125,3,492,105,69,149,-1,-1,-1,-1
125,4,293,91,61,169,-1,-1,-1,-1
125,7,189,91,65,161,-1,-1,-1,-1
125,10,385,106,64,145,-1,-1,-1,-1
125,12,415,113,65,154,-1,-1,-1,-1
126,3,487,105,68,149,-1,-1,-1,-1
126,4,292,91,60,169,-1,-1,-1,-1
126,7,190,91,64,160,-1,-1,-1,-1
126,10,384,106,65,147,-1,-1,-1,-1
126,12,413,114,65,153,-1,-1,-1,-1
127,3,483,105,68,149,-1,-1,-1,-1
127,4,291,91,60,170,-1,-1,-1,-1
127,7,190,91,64,160,-1,-1,-1,-1
127,10,385,107,65,145,-1,-1,-1,-1
127,12,411,114,65,152,-1,-1,-1,-1
128,3,483,106,69,149,-1,-1,-1,-1
128,4,289,91,61,170,-1,-1,-1,-1
128,7,190,91,64,160,-1,-1,-1,-1
128,10,386,107,64,144,-1,-1,-1,-1
128,12,409,115,65,151,-1,-1,-1,-1
129,3,482,107,69,148,-1,-1,-1,-1
129,4,285,91,62,170,-1,-1,-1,-1
129,7,190,91,65,160,-1,-1,-1,-1
129,10,386,108,64,145,-1,-1,-1,-1
129,12,408,115,65,151,-1,-1,-1,-1
130,3,478,108,70,147,-1,-1,-1,-1
130,4,282,91,63,170,-1,-1,-1,-1
130,7,190,91,64,161,-1,-1,-1,-1
130,10,386,108,65,146,-1,-1,-1,-1
130,12,406,115,66,151,-1,-1,-1,-1
131,3,476,109,70,147,-1,-1,-1,-1
131,4,280,91,63,169,-1,-1,-1,-1
131,7,190,91,64,160,-1,-1,-1,-1
131,10,388,109,63,142,-1,-1,-1,-1
131,12,400,115,67,150,-1,-1,-1,-1
132,3,474,109,72,147,-1,-1,-1,-1
132,4,278,92,64,168,-1,-1,-1,-1
132,7,190,91,64,160,-1,-1,-1,-1
132,10,390,108,62,142,-1,-1,-1,-1
132,12,397,114,66,150,-1,-1,-1,-1
133,3,471,109,72,147,-1,-1,-1,-1
133,4,276,92,65,167,-1,-1,-1,-1
133,7,190,91,64,159,-1,-1,-1,-1
133,10,393,108,58,137,-1,-1,-1,-1
133,12,392,111,67,153,-1,-1,-1,-1
134,3,470,109,71,147,-1,-1,-1,-1
134,4,274,92,66,167,-1,-1,-1,-1
134,7,190,91,63,159,-1,-1,-1,-1
134,10,393,109,58,135,-1,-1,-1,-1
134,12,388,109,68,155,-1,-1,-1,-1
135,3,466,108,72,148,-1,-1,-1,-1
135,4,272,93,66,166,-1,-1,-1,-1
135,7,189,91,64,159,-1,-1,-1,-1
135,12,387,107,67,156,-1,-1,-1,-1
136,3,462,108,72,148,-1,-1,-1,-1
136,4,270,93,67,166,-1,-1,-1,-1
136,7,189,91,63,159,-1,-1,-1,-1
136,12,388,106,67,157,-1,-1,-1,-1
137,3,460,108,71,148,-1,-1,-1,-1
137,4,269,93,67,166,-1,-1,-1,-1
137,7,188,91,63,159,-1,-1,-1,-1
137,12,388,106,67,157,-1,-1,-1,-1
138,3,458,108,71,148,-1,-1,-1,-1
138,4,267,93,68,166,-1,-1,-1,-1
138,7,187,91,63,159,-1,-1,-1,-1
138,12,387,106,67,157,-1,-1,-1,-1
139,3,457,108,71,149,-1,-1,-1,-1
139,4,266,93,68,166,-1,-1,-1,-1
139,7,187,91,62,159,-1,-1,-1,-1
139,10,398,107,61,145,-1,-1,-1,-1
139,12,380,109,65,154,-1,-1,-1,-1
140,3,456,108,71,149,-1,-1,-1,-1
140,4,266,93,68,166,-1,-1,-1,-1
140,7,186,91,62,159,-1,-1,-1,-1
140,10,396,106,62,147,-1,-1,-1,-1
140,12,375,110,64,152,-1,-1,-1,-1
140,15,-5,109,64,185,-1,-1,-1,-1
141,3,455,108,72,150,-1,-1,-1,-1
141,4,265,92,68,167,-1,-1,-1,-1
141,7,186,91,61,159,-1,-1,-1,-1
141,10,395,106,63,149,-1,-1,-1,-1
141,12,370,111,64,150,-1,-1,-1,-1
141,15,-2,110,63,183,-1,-1,-1,-1
142,3,456,109,71,149,-1,-1,-1,-1
142,4,264,91,68,167,-1,-1,-1,-1
142,7,185,91,62,159,-1,-1,-1,-1
142,10,395,107,63,149,-1,-1,-1,-1
142,12,366,112,64,150,-1,-1,-1,-1
142,15,1,109,64,184,-1,-1,-1,-1
143,3,454,110,70,147,-1,-1,-1,-1
143,4,262,90,69,168,-1,-1,-1,-1
143,7,185,91,61,159,-1,-1,-1,-1
143,10,396,107,62,150,-1,-1,-1,-1
143,12,364,113,65,149,-1,-1,-1,-1
143,15,6,110,62,182,-1,-1,-1,-1
144,3,453,111,70,147,-1,-1,-1,-1
144,4,261,90,69,168,-1,-1,-1,-1
144,7,184,91,61,159,-1,-1,-1,-1
144,10,397,108,63,149,-1,-1,-1,-1
144,12,363,113,65,149,-1,-1,-1,-1
144,15,12,110,62,182,-1,-1,-1,-1
145,3,452,111,70,148,-1,-1,-1,-1
145,4,260,90,68,168,-1,-1,-1,-1
145,7,183,91,62,159,-1,-1,-1,-1
145,10,399,108,61,149,-1,-1,-1,-1
145,12,362,114,65,148,-1,-1,-1,-1
145,15,19,111,63,181,-1,-1,-1,-1
146,3,452,111,69,149,-1,-1,-1,-1
146,4,259,90,68,167,-1,-1,-1,-1
146,7,183,90,61,160,-1,-1,-1,-1
146,10,399,109,61,148,-1,-1,-1,-1
146,12,362,114,65,148,-1,-1,-1,-1
146,15,24,112,64,180,-1,-1,-1,-1
147,3,451,111,69,149,-1,-1,-1,-1
147,4,258,90,67,167,-1,-1,-1,-1
147,7,182,90,61,160,-1,-1,-1,-1
147,10,401,110,60,148,-1,-1,-1,-1
147,12,361,113,66,148,-1,-1,-1,-1
147,15,27,113,66,179,-1,-1,-1,-1
148,3,452,111,69,149,-1,-1,-1,-1
148,4,257,90,66,167,-1,-1,-1,-1
148,7,182,90,61,159,-1,-1,-1,-1
148,10,402,110,60,148,-1,-1,-1,-1
148,12,360,113,66,148,-1,-1,-1,-1
148,15,29,113,68,178,-1,-1,-1,-1
149,3,452,111,69,149,-1,-1,-1,-1
149,4,256,90,66,167,-1,-1,-1,-1
149,7,182,90,61,160,-1,-1,-1,-1
149,10,402,110,60,149,-1,-1,-1,-1
149,12,358,112,66,148,-1,-1,-1,-1
149,15,30,114,70,177,-1,-1,-1,-1
150,3,450,110,70,150,-1,-1,-1,-1
150,4,255,90,65,167,-1,-1,-1,-1
150,7,182,90,61,160,-1,-1,-1,-1
150,10,402,110,60,149,-1,-1,-1,-1
150,12,356,111,66,148,-1,-1,-1,-1
150,15,30,113,72,178,-1,-1,-1,-1
151,3,450,109,69,151,-1,-1,-1,-1
151,4,254,90,65,167,-1,-1,-1,-1
151,7,182,90,60,160,-1,-1,-1,-1
151,10,402,110,60,149,-1,-1,-1,-1
151,12,354,111,64,148,-1,-1,-1,-1
151,15,32,113,74,178,-1,-1,-1,-1
152,3,448,108,70,152,-1,-1,-1,-1
152,4,254,90,64,167,-1,-1,-1,-1
152,7,181,90,61,160,-1,-1,-1,-1
152,10,401,110,60,149,-1,-1,-1,-1
152,12,351,110,64,148,-1,-1,-1,-1
152,15,34,112,75,178,-1,-1,-1,-1
153,3,448,108,69,152,-1,-1,-1,-1
153,4,254,90,63,166,-1,-1,-1,-1
153,7,181,90,61,160,-1,-1,-1,-1
153,10,400,110,60,149,-1,-1,-1,-1
153,12,348,110,63,148,-1,-1,-1,-1
153,15,38,111,76,178,-1,-1,-1,-1
154,3,448,107,70,153,-1,-1,-1,-1
154,4,253,90,63,166,-1,-1,-1,-1
154,7,181,90,61,159,-1,-1,-1,-1
154,10,399,110,60,149,-1,-1,-1,-1
154,12,346,109,62,149,-1,-1,-1,-1
154,15,43,111,75,177,-1,-1,-1,-1
155,3,446,107,70,153,-1,-1,-1,-1
155,4,253,90,62,166,-1,-1,-1,-1
155,7,181,90,61,159,-1,-1,-1,-1
155,10,400,110,60,149,-1,-1,-1,-1
155,12,344,109,62,149,-1,-1,-1,-1
155,15,50,110,73,178,-1,-1,-1,-1
156,3,446,107,70,153,-1,-1,-1,-1
156,4,253,91,62,165,-1,-1,-1,-1
156,7,181,90,61,159,-1,-1,-1,-1
156,10,400,110,59,149,-1,-1,-1,-1
156,12,344,109,61,149,-1,-1,-1,-1
156,15,57,109,73,179,-1,-1,-1,-1
157,3,445,107,69,154,-1,-1,-1,-1
157,4,253,91,61,165,-1,-1,-1,-1
157,7,181,90,61,159,-1,-1,-1,-1
157,10,399,110,59,149,-1,-1,-1,-1
157,12,342,110,59,148,-1,-1,-1,-1
157,15,64,108,71,179,-1,-1,-1,-1
158,3,443,108,69,153,-1,-1,-1,-1
158,4,253,91,61,165,-1,-1,-1,-1
158,7,181,90,61,159,-1,-1,-1,-1
158,10,399,111,59,148,-1,-1,-1,-1
158,12,340,111,58,147,-1,-1,-1,-1
158,15,69,108,71,179,-1,-1,-1,-1
159,3,441,108,69,154,-1,-1,-1,-1
159,4,253,92,60,164,-1,-1,-1,-1
159,7,182,90,60,159,-1,-1,-1,-1
159,10,398,111,58,148,-1,-1,-1,-1
159,12,339,111,57,147,-1,-1,-1,-1
159,15,76,108,69,178,-1,-1,-1,-1
160,3,440,109,68,154,-1,-1,-1,-1
160,4,253,92,60,164,-1,-1,-1,-1
160,7,182,90,61,159,-1,-1,-1,-1
160,10,397,112,58,147,-1,-1,-1,-1
160,12,337,112,57,146,-1,-1,-1,-1
160,15,83,109,69,177,-1,-1,-1,-1
161,3,439,110,68,153,-1,-1,-1,-1
161,4,253,91,60,165,-1,-1,-1,-1
161,7,182,90,61,159,-1,-1,-1,-1
161,10,397,113,58,147,-1,-1,-1,-1
161,12,336,113,56,145,-1,-1,-1,-1
161,15,89,110,70,176,-1,-1,-1,-1
162,3,438,110,69,153,-1,-1,-1,-1
162,4,254,90,59,166,-1,-1,-1,-1
162,7,182,90,61,159,-1,-1,-1,-1
162,10,396,113,58,148,-1,-1,-1,-1
162,12,335,113,55,145,-1,-1,-1,-1
162,15,93,112,72,174,-1,-1,-1,-1
163,3,436,109,69,154,-1,-1,-1,-1
163,4,254,90,59,165,-1,-1,-1,-1
163,7,182,90,61,159,-1,-1,-1,-1
163,10,395,113,58,148,-1,-1,-1,-1
163,12,334,114,55,143,-1,-1,-1,-1
163,15,95,113,74,173,-1,-1,-1,-1
164,3,434,108,69,155,-1,-1,-1,-1
164,4,254,89,59,166,-1,-1,-1,-1
164,7,182,90,61,159,-1,-1,-1,-1
164,10,395,113,57,148,-1,-1,-1,-1
164,12,333,114,54,143,-1,-1,-1,-1
164,15,97,113,74,172,-1,-1,-1,-1
165,3,431,107,70,156,-1,-1,-1,-1
165,4,255,88,57,166,-1,-1,-1,-1
165,7,182,90,61,159,-1,-1,-1,-1
165,10,393,112,58,150,-1,-1,-1,-1
165,12,331,113,55,144,-1,-1,-1,-1
165,15,97,114,76,171,-1,-1,-1,-1
166,3,429,106,70,158,-1,-1,-1,-1
166,4,255,87,57,166,-1,-1,-1,-1
166,7,182,90,61,159,-1,-1,-1,-1
166,10,392,111,58,150,-1,-1,-1,-1
166,12,330,112,55,145,-1,-1,-1,-1
166,15,97,113,78,171,-1,-1,-1,-1
167,3,427,105,71,159,-1,-1,-1,-1
167,4,255,87,57,165,-1,-1,-1,-1
167,7,183,90,60,159,-1,-1,-1,-1
167,10,389,110,59,151,-1,-1,-1,-1
167,12,329,111,55,145,-1,-1,-1,-1
167,15,98,112,79,171,-1,-1,-1,-1
168,3,426,104,71,160,-1,-1,-1,-1
168,4,255,86,57,166,-1,-1,-1,-1
168,7,183,90,60,159,-1,-1,-1,-1
168,10,386,109,59,153,-1,-1,-1,-1
168,12,326,110,55,144,-1,-1,-1,-1
168,15,100,110,80,172,-1,-1,-1,-1
169,3,425,105,71,159,-1,-1,-1,-1
169,4,255,86,57,165,-1,-1,-1,-1
169,7,183,90,60,159,-1,-1,-1,-1
169,10,384,108,59,154,-1,-1,-1,-1
169,12,326,110,54,143,-1,-1,-1,-1
169,15,104,108,81,174,-1,-1,-1,-1
170,3,423,105,72,160,-1,-1,-1,-1
170,4,255,85,56,166,-1,-1,-1,-1
170,7,183,90,60,159,-1,-1,-1,-1
170,10,382,108,59,154,-1,-1,-1,-1
170,12,325,108,55,144,-1,-1,-1,-1
170,15,107,106,81,175,-1,-1,-1,-1
171,3,422,105,71,161,-1,-1,-1,-1
171,4,255,85,56,166,-1,-1,-1,-1
171,7,183,90,60,159,-1,-1,-1,-1
171,10,380,108,59,154,-1,-1,-1,-1
171,12,324,108,55,144,-1,-1,-1,-1
171,15,113,105,80,176,-1,-1,-1,-1
172,3,420,106,72,159,-1,-1,-1,-1
172,4,254,85,56,167,-1,-1,-1,-1
172,7,183,89,60,160,-1,-1,-1,-1
172,10,377,108,59,154,-1,-1,-1,-1
172,12,323,108,55,144,-1,-1,-1,-1
172,15,120,105,78,176,-1,-1,-1,-1
173,3,419,107,72,158,-1,-1,-1,-1
173,4,253,85,56,167,-1,-1,-1,-1
173,7,183,90,60,159,-1,-1,-1,-1
173,10,376,109,58,153,-1,-1,-1,-1
173,12,322,107,55,145,-1,-1,-1,-1
173,15,125,104,76,176,-1,-1,-1,-1
174,3,419,107,71,160,-1,-1,-1,-1
174,4,252,85,57,167,-1,-1,-1,-1
174,7,183,90,60,159,-1,-1,-1,-1
174,10,374,110,58,153,-1,-1,-1,-1
174,12,321,107,55,145,-1,-1,-1,-1
174,15,130,105,74,174,-1,-1,-1,-1
175,3,418,108,72,160,-1,-1,-1,-1
175,4,251,85,57,167,-1,-1,-1,-1
175,7,184,90,59,159,-1,-1,-1,-1
175,10,372,110,58,153,-1,-1,-1,-1
175,12,320,107,55,144,-1,-1,-1,-1
175,15,135,105,72,174,-1,-1,-1,-1
176,3,418,108,72,160,-1,-1,-1,-1
176,4,251,85,56,167,-1,-1,-1,-1
176,7,184,90,59,159,-1,-1,-1,-1
176,10,370,111,58,152,-1,-1,-1,-1
176,12,319,107,55,145,-1,-1,-1,-1
176,15,139,105,70,174,-1,-1,-1,-1
177,3,416,108,72,160,-1,-1,-1,-1
177,4,250,85,57,167,-1,-1,-1,-1
177,7,185,90,59,160,-1,-1,-1,-1
177,10,367,111,59,153,-1,-1,-1,-1
177,12,316,107,56,145,-1,-1,-1,-1
177,15,143,107,69,172,-1,-1,-1,-1
178,3,415,106,72,163,-1,-1,-1,-1
178,4,250,85,56,167,-1,-1,-1,-1
178,7,186,91,59,159,-1,-1,-1,-1
178,10,364,111,60,153,-1,-1,-1,-1
178,12,315,107,56,144,-1,-1,-1,-1
178,15,147,108,69,170,-1,-1,-1,-1
179,3,414,105,72,163,-1,-1,-1,-1
179,4,250,86,56,166,-1,-1,-1,-1
179,7,186,90,59,160,-1,-1,-1,-1
179,10,361,111,61,154,-1,-1,-1,-1
179,12,314,107,56,144,-1,-1,-1,-1
179,15,149,109,69,168,-1,-1,-1,-1
