2,299,429.5,88.7,100.0,245.5,0.949999988079071,-1,-1,-1
2,300,174.0,92.2,86.7,232.9,0.9300000071525574,-1,-1,-1
2,301,346.1,78.0,102.0,255.5,0.9300000071525574,-1,-1,-1
2,302,573.6,82.9,71.9,202.2,0.9300000071525574,-1,-1,-1
2,303,85.7,98.2,75.4,224.1,0.9300000071525574,-1,-1,-1
2,304,504.5,111.1,57.3,126.7,0.8899999856948853,-1,-1,-1
2,305,175.1,92.6,53.2,163.6,0.8600000143051147,-1,-1,-1
3,299,432.7,87.4,100.1,246.1,0.949999988079071,-1,-1,-1
3,300,180.5,91.4,86.4,233.0,0.9300000071525574,-1,-1,-1
3,301,349.8,79.5,101.6,254.4,0.9300000071525574,-1,-1,-1
3,302,572.4,83.6,71.7,201.7,0.9300000071525574,-1,-1,-1
3,303,78.4,99.1,75.6,223.8,0.9300000071525574,-1,-1,-1
3,304,503.8,111.5,57.2,126.4,0.8899999856948853,-1,-1,-1
3,305,175.0,92.6,53.5,164.7,0.8600000143051147,-1,-1,-1
4,299,436.6,86.5,99.8,245.8,0.949999988079071,-1,-1,-1
4,300,187.7,90.4,86.1,232.9,0.9399999976158142,-1,-1,-1
4,301,354.0,80.9,101.2,252.8,0.9300000071525574,-1,-1,-1
4,302,570.5,84.3,71.6,201.0,0.9300000071525574,-1,-1,-1
4,303,70.5,100.8,75.8,222.6,0.9399999976158142,-1,-1,-1
4,304,503.1,112.1,57.1,125.8,0.8799999952316284,-1,-1,-1
4,305,174.6,92.5,53.4,164.3,0.8700000047683716,-1,-1,-1
5,299,441.1,85.7,98.4,243.2,0.9399999976158142,-1,-1,-1
5,300,195.1,89.2,86.7,234.2,0.9399999976158142,-1,-1,-1
5,301,357.0,82.0,100.3,250.1,0.9200000166893005,-1,-1,-1
5,302,568.0,85.1,71.3,200.2,0.9200000166893005,-1,-1,-1
5,303,64.6,101.9,76.9,223.2,0.9399999976158142,-1,-1,-1
5,304,503.1,112.2,56.9,125.0,0.8700000047683716,-1,-1,-1
5,305,174.7,92.7,53.4,163.9,0.8700000047683716,-1,-1,-1
6,299,446.7,85.3,97.6,241.6,0.9200000166893005,-1,-1,-1
6,300,200.9,88.9,86.9,234.7,0.9300000071525574,-1,-1,-1
6,301,358.6,83.6,99.4,247.7,0.9300000071525574,-1,-1,-1
6,302,565.8,85.6,71.3,199.7,0.9300000071525574,-1,-1,-1
6,303,59.9,102.0,78.3,224.0,0.9399999976158142,-1,-1,-1
6,304,501.7,112.0,57.0,125.4,0.8199999928474426,-1,-1,-1
6,305,174.5,93.0,53.4,163.8,0.8799999952316284,-1,-1,-1
7,299,449.8,84.6,97.3,241.8,0.9300000071525574,-1,-1,-1
7,300,207.6,90.0,86.7,233.5,0.9300000071525574,-1,-1,-1
7,301,361.8,84.7,98.9,246.2,0.9399999976158142,-1,-1,-1
7,302,564.1,86.2,71.1,199.0,0.9200000166893005,-1,-1,-1
7,303,56.2,101.6,79.4,224.4,0.9399999976158142,-1,-1,-1
7,304,500.5,111.7,57.2,125.7,0.8100000023841858,-1,-1,-1
7,305,174.3,93.2,53.1,162.7,0.8899999856948853,-1,-1,-1
8,299,451.7,84.7,96.6,241.7,0.9300000071525574,-1,-1,-1
8,300,213.6,91.8,86.4,231.6,0.9300000071525574,-1,-1,-1
8,301,363.8,85.0,99.0,246.0,0.9399999976158142,-1,-1,-1
8,302,561.3,86.7,70.9,198.2,0.9100000262260437,-1,-1,-1
8,303,51.9,100.9,80.2,225.4,0.9399999976158142,-1,-1,-1
8,304,498.4,111.2,58.7,129.2,0.6700000166893005,-1,-1,-1
8,305,173.7,93.3,52.9,162.2,0.8899999856948853,-1,-1,-1
9,299,454.2,84.8,95.6,241.2,0.9399999976158142,-1,-1,-1
9,300,219.8,93.5,86.3,229.4,0.9399999976158142,-1,-1,-1
9,301,365.9,84.5,98.9,245.7,0.9399999976158142,-1,-1,-1
9,302,559.3,86.9,70.8,198.0,0.9200000166893005,-1,-1,-1
9,303,47.2,100.1,80.5,226.6,0.9399999976158142,-1,-1,-1
9,304,497.4,111.2,58.9,129.7,0.6000000238418579,-1,-1,-1
9,305,173.5,93.3,52.8,161.8,0.8999999761581421,-1,-1,-1
10,299,458.1,85.0,94.7,240.9,0.949999988079071,-1,-1,-1
10,300,224.4,94.6,86.3,227.3,0.9399999976158142,-1,-1,-1
10,301,367.7,83.7,99.0,246.2,0.949999988079071,-1,-1,-1
10,302,558.2,86.8,70.8,198.2,0.9200000166893005,-1,-1,-1
10,303,40.7,99.1,80.1,228.0,0.9300000071525574,-1,-1,-1
10,305,173.0,93.4,52.9,162.0,0.8999999761581421,-1,-1,-1
10,306,601.5,109.0,42.5,132.7,0.75,-1,-1,-1
11,299,463.6,85.3,94.2,240.5,0.9399999976158142,-1,-1,-1
11,300,227.4,95.0,86.9,227.0,0.9399999976158142,-1,-1,-1
11,301,369.5,82.3,98.9,246.5,0.9399999976158142,-1,-1,-1
11,302,555.7,86.3,70.7,198.9,0.9300000071525574,-1,-1,-1
11,303,33.8,97.7,79.9,230.3,0.9200000166893005,-1,-1,-1
11,305,172.6,93.5,53.0,162.1,0.9100000262260437,-1,-1,-1
11,306,601.1,109.5,42.4,132.0,0.8299999833106995,-1,-1,-1
12,299,466.2,86.5,94.2,239.1,0.9300000071525574,-1,-1,-1
12,300,230.1,95.3,87.2,226.3,0.9300000071525574,-1,-1,-1
12,301,372.1,81.5,97.7,243.7,0.9399999976158142,-1,-1,-1
12,302,553.2,85.9,70.5,199.3,0.9300000071525574,-1,-1,-1
12,303,27.0,96.8,79.1,231.1,0.9300000071525574,-1,-1,-1
12,305,172.3,93.6,53.1,162.2,0.8999999761581421,-1,-1,-1
12,306,600.8,109.2,42.4,132.2,0.8500000238418579,-1,-1,-1
13,299,470.5,87.1,94.0,238.0,0.9399999976158142,-1,-1,-1
13,300,233.9,94.9,87.0,225.2,0.9200000166893005,-1,-1,-1
13,301,374.4,80.4,97.7,244.3,0.9399999976158142,-1,-1,-1
13,302,550.9,85.5,70.0,199.0,0.9200000166893005,-1,-1,-1
13,303,20.6,96.1,78.4,231.8,0.9300000071525574,-1,-1,-1
13,305,172.0,93.6,53.0,161.8,0.8999999761581421,-1,-1,-1
13,306,599.8,108.8,42.7,132.9,0.8500000238418579,-1,-1,-1
14,299,475.4,88.3,93.7,236.7,0.9300000071525574,-1,-1,-1
14,300,236.7,93.1,86.7,224.2,0.9200000166893005,-1,-1,-1
14,301,377.2,79.7,97.7,244.7,0.9399999976158142,-1,-1,-1
14,302,549.2,85.3,69.5,198.1,0.9100000262260437,-1,-1,-1
14,303,11.8,96.2,78.3,231.2,0.9300000071525574,-1,-1,-1
14,305,171.6,93.5,53.2,162.1,0.8999999761581421,-1,-1,-1
14,306,598.8,107.7,43.3,134.0,0.8500000238418579,-1,-1,-1
15,299,478.9,89.7,93.5,234.6,0.9200000166893005,-1,-1,-1
15,300,239.9,90.7,86.7,225.0,0.9300000071525574,-1,-1,-1
15,301,379.5,79.2,97.6,245.1,0.9399999976158142,-1,-1,-1
15,302,543.1,85.1,70.1,198.5,0.9100000262260437,-1,-1,-1
15,303,3.0,96.1,79.8,232.8,0.9300000071525574,-1,-1,-1
15,305,171.0,93.4,53.5,162.6,0.9100000262260437,-1,-1,-1
15,306,597.8,107.2,43.9,134.4,0.8500000238418579,-1,-1,-1
16,299,480.5,90.3,93.3,233.6,0.9200000166893005,-1,-1,-1
16,300,242.8,89.3,86.6,225.9,0.9300000071525574,-1,-1,-1
16,301,382.7,79.5,97.3,244.3,0.9300000071525574,-1,-1,-1
16,302,539.9,85.2,70.3,198.3,0.9200000166893005,-1,-1,-1
16,303,-4.4,97.7,81.6,232.8,0.9100000262260437,-1,-1,-1
16,305,171.1,93.1,53.5,162.4,0.8999999761581421,-1,-1,-1
16,306,596.5,106.8,44.6,134.9,0.8600000143051147,-1,-1,-1
17,299,481.6,89.9,93.1,233.5,0.9200000166893005,-1,-1,-1
17,300,245.7,89.0,85.9,225.6,0.9300000071525574,-1,-1,-1
17,301,385.5,80.4,96.9,243.3,0.9399999976158142,-1,-1,-1
17,302,539.0,85.4,70.4,198.6,0.9100000262260437,-1,-1,-1
17,303,-8.6,99.8,83.0,231.4,0.9100000262260437,-1,-1,-1
17,305,171.0,92.9,53.6,162.9,0.9100000262260437,-1,-1,-1
17,306,595.1,106.6,45.3,135.1,0.8600000143051147,-1,-1,-1
18,299,483.2,88.9,93.2,234.1,0.9300000071525574,-1,-1,-1
18,300,248.6,88.6,85.1,225.4,0.9300000071525574,-1,-1,-1
18,301,389.4,81.5,96.5,242.2,0.949999988079071,-1,-1,-1
18,302,538.4,86.2,70.0,198.0,0.8999999761581421,-1,-1,-1
18,303,-12.6,101.4,85.0,230.4,0.8999999761581421,-1,-1,-1
18,305,170.8,93.1,53.5,162.3,0.9100000262260437,-1,-1,-1
18,306,593.9,106.3,46.2,135.6,0.8600000143051147,-1,-1,-1
19,299,486.4,88.3,93.0,234.4,0.9300000071525574,-1,-1,-1
19,300,252.9,89.1,84.2,224.1,0.9300000071525574,-1,-1,-1
19,301,393.8,82.0,96.7,241.4,0.9399999976158142,-1,-1,-1
19,302,535.9,87.0,69.8,197.3,0.9100000262260437,-1,-1,-1
19,303,-14.7,102.3,86.7,229.7,0.8999999761581421,-1,-1,-1
19,305,170.6,93.2,53.6,162.3,0.9100000262260437,-1,-1,-1
19,306,592.0,105.7,47.2,136.3,0.8700000047683716,-1,-1,-1
20,299,490.6,87.3,93.1,235.5,0.9300000071525574,-1,-1,-1
20,300,258.2,90.7,83.8,222.5,0.9300000071525574,-1,-1,-1
20,301,398.5,83.5,96.7,239.7,0.9300000071525574,-1,-1,-1
20,302,533.1,86.7,69.7,196.8,0.9100000262260437,-1,-1,-1
20,303,-17.0,101.9,88.3,229.6,0.8899999856948853,-1,-1,-1
20,305,170.4,93.2,53.6,162.3,0.8999999761581421,-1,-1,-1
20,306,590.6,106.4,47.9,135.8,0.8700000047683716,-1,-1,-1
21,299,495.4,87.1,92.1,234.0,0.9300000071525574,-1,-1,-1
21,300,263.4,92.8,83.4,219.9,0.9399999976158142,-1,-1,-1
21,301,403.4,84.7,97.1,238.0,0.9300000071525574,-1,-1,-1
21,302,529.6,86.9,70.0,196.8,0.8799999952316284,-1,-1,-1
21,303,-21.5,100.9,89.9,230.7,0.8700000047683716,-1,-1,-1
21,305,170.4,93.1,53.5,162.3,0.9100000262260437,-1,-1,-1
21,306,589.1,106.9,48.6,135.4,0.8799999952316284,-1,-1,-1
22,299,499.4,85.7,91.5,233.5,0.9300000071525574,-1,-1,-1
22,300,267.1,94.6,83.1,217.8,0.9300000071525574,-1,-1,-1
22,301,405.7,85.5,97.2,236.7,0.9300000071525574,-1,-1,-1
22,302,530.5,91.8,67.7,191.1,0.8299999833106995,-1,-1,-1
22,303,-30.4,97.9,92.1,233.4,0.8700000047683716,-1,-1,-1
22,305,170.3,92.9,53.7,163.0,0.8999999761581421,-1,-1,-1
22,306,587.6,107.4,49.5,135.4,0.8799999952316284,-1,-1,-1
23,299,502.5,84.3,91.7,234.2,0.9300000071525574,-1,-1,-1
23,300,269.1,96.0,82.6,216.1,0.9300000071525574,-1,-1,-1
23,301,407.1,85.7,97.3,236.1,0.9300000071525574,-1,-1,-1
23,302,523.8,97.1,68.0,188.2,0.6899999976158142,-1,-1,-1
23,303,-41.2,92.7,95.0,238.6,0.75,-1,-1,-1
23,305,170.1,92.5,53.9,163.6,0.8999999761581421,-1,-1,-1
23,306,585.8,107.2,50.7,136.2,0.8899999856948853,-1,-1,-1
24,299,505.0,84.4,91.3,233.3,0.8899999856948853,-1,-1,-1
24,300,270.9,96.5,82.3,215.3,0.9300000071525574,-1,-1,-1
24,301,409.3,85.5,97.6,235.9,0.9300000071525574,-1,-1,-1
24,302,521.3,98.3,67.6,187.1,0.6000000238418579,-1,-1,-1
24,303,-51.9,83.2,98.6,249.3,0.6600000262260437,-1,-1,-1
24,305,170.1,92.5,53.9,163.7,0.8999999761581421,-1,-1,-1
24,306,584.7,107.4,51.5,136.3,0.8700000047683716,-1,-1,-1
24,307,473.9,110.6,46.5,121.5,0.7300000190734863,-1,-1,-1
25,299,508.3,84.0,90.9,232.9,0.8999999761581421,-1,-1,-1
25,300,273.3,96.6,82.0,214.6,0.9300000071525574,-1,-1,-1
25,301,412.4,84.6,98.5,236.4,0.9300000071525574,-1,-1,-1
25,302,511.2,93.4,71.1,192.6,0.7900000214576721,-1,-1,-1
25,303,-62.6,80.5,99.4,254.6,0.6399999856948853,-1,-1,-1
25,305,170.0,92.5,53.7,163.5,0.8999999761581421,-1,-1,-1
25,306,584.2,108.1,51.9,135.7,0.8700000047683716,-1,-1,-1
25,307,473.0,110.1,47.3,123.7,0.7799999713897705,-1,-1,-1
26,299,510.6,84.0,91.6,233.8,0.9100000262260437,-1,-1,-1
26,300,277.0,96.1,81.4,213.2,0.9300000071525574,-1,-1,-1
26,301,415.9,83.1,99.2,236.7,0.9300000071525574,-1,-1,-1
26,302,506.9,92.2,73.2,193.1,0.8600000143051147,-1,-1,-1
26,303,-69.3,78.7,100.4,257.0,0.6000000238418579,-1,-1,-1
26,305,169.9,92.4,53.6,163.8,0.8899999856948853,-1,-1,-1
26,306,584.0,108.1,52.6,135.7,0.8700000047683716,-1,-1,-1
26,307,472.9,110.2,45.3,118.9,0.7400000095367432,-1,-1,-1
27,299,513.9,85.4,91.5,232.3,0.9200000166893005,-1,-1,-1
27,300,282.2,94.6,81.1,213.3,0.9200000166893005,-1,-1,-1
27,301,419.8,82.0,99.2,236.0,0.9300000071525574,-1,-1,-1
27,302,504.2,92.0,75.4,194.1,0.8799999952316284,-1,-1,-1
27,305,169.9,92.3,53.3,163.5,0.8999999761581421,-1,-1,-1
27,306,583.3,107.1,53.6,136.8,0.8500000238418579,-1,-1,-1
27,307,470.9,110.4,46.0,121.2,0.6200000047683716,-1,-1,-1
28,299,518.1,87.1,91.1,230.3,0.9300000071525574,-1,-1,-1
28,300,288.7,93.1,80.9,213.8,0.9200000166893005,-1,-1,-1
28,301,423.7,81.1,99.2,235.9,0.9300000071525574,-1,-1,-1
28,302,501.9,92.7,76.5,192.9,0.8799999952316284,-1,-1,-1
28,305,169.5,92.7,53.1,163.0,0.8899999856948853,-1,-1,-1
28,306,581.2,106.2,54.4,137.9,0.8299999833106995,-1,-1,-1
28,307,470.0,110.4,45.9,120.8,0.6000000238418579,-1,-1,-1
29,299,521.5,88.2,90.8,229.2,0.9300000071525574,-1,-1,-1
29,300,294.6,91.7,80.9,214.8,0.9200000166893005,-1,-1,-1
29,301,427.6,80.3,99.3,235.9,0.9300000071525574,-1,-1,-1
29,302,494.3,92.6,75.9,193.0,0.8299999833106995,-1,-1,-1
29,305,169.5,92.6,53.0,163.0,0.8899999856948853,-1,-1,-1
29,306,580.0,105.5,55.0,138.3,0.8199999928474426,-1,-1,-1
30,299,524.8,89.9,90.1,227.3,0.9300000071525574,-1,-1,-1
30,300,300.9,91.1,81.1,215.1,0.9100000262260437,-1,-1,-1
30,301,430.8,80.1,99.5,236.0,0.9300000071525574,-1,-1,-1
30,302,497.7,91.6,77.8,193.3,0.8999999761581421,-1,-1,-1
30,305,169.3,92.6,52.9,163.0,0.8899999856948853,-1,-1,-1
30,306,579.9,105.1,55.7,138.8,0.800000011920929,-1,-1,-1
31,299,529.6,91.3,89.6,226.0,0.8999999761581421,-1,-1,-1
31,300,305.5,91.0,81.2,215.2,0.9200000166893005,-1,-1,-1
31,301,433.2,80.3,99.4,235.5,0.9300000071525574,-1,-1,-1
31,302,497.6,91.0,79.5,193.2,0.8899999856948853,-1,-1,-1
31,305,169.5,92.6,52.7,162.8,0.8999999761581421,-1,-1,-1
31,306,579.7,104.7,56.9,139.8,0.7400000095367432,-1,-1,-1
32,299,532.5,91.4,89.1,225.6,0.9200000166893005,-1,-1,-1
32,300,309.4,91.9,81.2,214.4,0.9300000071525574,-1,-1,-1
32,301,436.9,80.5,99.8,235.6,0.9300000071525574,-1,-1,-1
32,302,495.1,90.5,80.4,193.2,0.8999999761581421,-1,-1,-1
32,305,169.3,92.7,52.7,163.0,0.8899999856948853,-1,-1,-1
32,306,579.5,104.6,57.9,140.0,0.75,-1,-1,-1
33,299,535.9,89.9,89.3,226.8,0.9100000262260437,-1,-1,-1
33,300,314.0,93.6,80.7,212.7,0.9200000166893005,-1,-1,-1
33,301,439.7,81.7,99.3,233.9,0.9300000071525574,-1,-1,-1
33,302,489.1,90.5,80.0,193.3,0.9100000262260437,-1,-1,-1
33,305,169.5,93.0,52.6,163.1,0.8899999856948853,-1,-1,-1
33,306,578.6,104.0,59.0,140.6,0.7599999904632568,-1,-1,-1
34,299,541.2,89.0,90.0,227.7,0.8999999761581421,-1,-1,-1
34,300,318.2,95.3,80.3,210.5,0.9200000166893005,-1,-1,-1
34,301,443.2,82.9,99.2,232.9,0.9399999976158142,-1,-1,-1
34,302,482.8,90.0,79.1,193.2,0.9100000262260437,-1,-1,-1
34,305,169.5,93.4,52.3,162.2,0.8899999856948853,-1,-1,-1
34,306,578.0,103.7,59.1,141.0,0.6000000238418579,-1,-1,-1
35,299,545.3,87.4,90.2,227.5,0.9100000262260437,-1,-1,-1
35,300,321.4,96.9,79.8,208.1,0.9200000166893005,-1,-1,-1
35,301,446.6,84.9,98.4,230.4,0.9399999976158142,-1,-1,-1
35,302,478.7,90.2,78.0,192.9,0.8999999761581421,-1,-1,-1
35,305,169.6,93.4,52.2,162.0,0.8999999761581421,-1,-1,-1
36,299,547.9,86.1,89.6,226.8,0.8999999761581421,-1,-1,-1
36,300,323.9,97.1,80.3,207.8,0.9200000166893005,-1,-1,-1
36,301,448.8,87.0,97.3,227.9,0.9399999976158142,-1,-1,-1
36,302,473.5,89.8,77.9,193.7,0.8399999737739563,-1,-1,-1
36,305,169.5,93.4,52.2,162.2,0.8999999761581421,-1,-1,-1
37,299,550.8,85.4,89.1,225.9,0.9200000166893005,-1,-1,-1
37,300,326.7,96.6,80.7,208.0,0.9300000071525574,-1,-1,-1
37,301,450.6,87.9,96.9,226.7,0.9300000071525574,-1,-1,-1
37,302,468.6,90.0,77.7,193.9,0.7699999809265137,-1,-1,-1
37,305,169.5,93.4,52.2,162.2,0.8899999856948853,-1,-1,-1
37,308,444.6,107.2,47.7,136.3,0.8199999928474426,-1,-1,-1
38,299,553.7,85.2,88.9,225.9,0.9200000166893005,-1,-1,-1
38,300,331.4,96.4,80.5,207.5,0.9200000166893005,-1,-1,-1
38,301,452.0,88.0,96.7,226.4,0.9300000071525574,-1,-1,-1
38,302,466.3,91.4,76.4,192.0,0.6700000166893005,-1,-1,-1
38,305,169.5,93.6,52.0,161.9,0.8899999856948853,-1,-1,-1
38,308,443.2,106.9,47.2,135.0,0.8299999833106995,-1,-1,-1
39,299,555.3,85.4,88.0,225.6,0.9200000166893005,-1,-1,-1
39,300,335.9,95.4,79.7,206.5,0.9300000071525574,-1,-1,-1
39,301,455.3,87.0,96.8,227.2,0.9399999976158142,-1,-1,-1
39,302,462.8,91.5,76.3,191.8,0.6000000238418579,-1,-1,-1
39,305,169.3,93.3,52.0,162.1,0.8999999761581421,-1,-1,-1
39,308,441.4,106.8,47.0,134.8,0.8500000238418579,-1,-1,-1
40,299,557.1,85.8,86.7,224.7,0.9300000071525574,-1,-1,-1
40,300,340.9,94.0,79.3,206.2,0.9300000071525574,-1,-1,-1
40,301,457.7,86.1,96.6,227.8,0.9300000071525574,-1,-1,-1
40,305,169.5,93.2,52.0,162.2,0.8999999761581421,-1,-1,-1
40,308,440.2,106.6,47.1,135.0,0.8600000143051147,-1,-1,-1
41,299,560.8,86.2,86.0,224.5,0.9300000071525574,-1,-1,-1
41,300,343.6,92.7,79.2,206.7,0.9300000071525574,-1,-1,-1
41,301,460.7,85.0,95.7,226.5,0.9300000071525574,-1,-1,-1
41,305,169.5,93.1,52.0,162.6,0.8899999856948853,-1,-1,-1
41,308,439.1,106.7,46.9,135.0,0.8700000047683716,-1,-1,-1
42,299,563.3,86.8,85.7,224.2,0.9100000262260437,-1,-1,-1
42,300,345.6,91.5,79.4,207.7,0.9200000166893005,-1,-1,-1
42,301,463.9,84.4,94.6,225.0,0.9200000166893005,-1,-1,-1
42,305,169.3,93.1,51.9,162.4,0.8999999761581421,-1,-1,-1
42,308,438.0,106.7,46.6,134.7,0.8799999952316284,-1,-1,-1
42,302,460.9,92.2,74.4,188.5,0.6000000238418579,-1,-1,-1
43,299,567.3,88.2,85.1,222.9,0.9100000262260437,-1,-1,-1
43,300,349.3,91.6,78.8,207.0,0.9200000166893005,-1,-1,-1
43,301,465.8,83.1,95.0,226.2,0.9200000166893005,-1,-1,-1
43,305,169.0,93.1,52.0,162.7,0.8899999856948853,-1,-1,-1
43,308,436.6,107.3,46.0,133.8,0.8700000047683716,-1,-1,-1
43,302,457.9,92.8,73.2,187.0,0.8500000238418579,-1,-1,-1
44,299,570.4,89.6,84.4,221.4,0.9100000262260437,-1,-1,-1
44,300,352.7,91.7,78.1,206.4,0.9200000166893005,-1,-1,-1
44,301,468.2,82.9,95.1,226.4,0.9100000262260437,-1,-1,-1
44,305,169.3,93.2,51.9,162.7,0.8999999761581421,-1,-1,-1
44,308,435.2,108.3,45.3,132.5,0.8700000047683716,-1,-1,-1
44,302,455.1,93.8,72.3,185.8,0.8600000143051147,-1,-1,-1
45,299,571.8,90.9,83.3,220.0,0.8999999761581421,-1,-1,-1
45,300,357.6,92.3,78.0,205.5,0.9399999976158142,-1,-1,-1
45,301,473.5,82.3,94.6,226.9,0.9300000071525574,-1,-1,-1
45,305,169.4,93.1,51.7,162.4,0.8999999761581421,-1,-1,-1
45,308,432.5,108.5,45.2,132.4,0.8500000238418579,-1,-1,-1
45,302,453.6,93.0,72.3,186.9,0.8700000047683716,-1,-1,-1
46,299,573.2,91.2,82.5,219.3,0.9100000262260437,-1,-1,-1
46,300,362.2,94.4,77.7,203.3,0.9399999976158142,-1,-1,-1
46,301,477.9,82.9,94.0,226.0,0.9300000071525574,-1,-1,-1
46,305,169.3,92.7,51.9,163.3,0.8999999761581421,-1,-1,-1
46,308,432.0,109.2,44.7,131.6,0.8700000047683716,-1,-1,-1
46,302,451.8,93.7,71.5,186.3,0.8999999761581421,-1,-1,-1
47,299,574.1,91.3,81.9,219.1,0.9100000262260437,-1,-1,-1
47,300,366.1,96.2,77.3,201.2,0.9300000071525574,-1,-1,-1
47,301,483.1,83.9,93.7,224.5,0.9300000071525574,-1,-1,-1
47,305,169.3,92.9,51.7,163.0,0.8999999761581421,-1,-1,-1
47,308,431.2,109.9,44.4,131.3,0.8700000047683716,-1,-1,-1
47,302,450.4,93.4,70.9,186.0,0.8999999761581421,-1,-1,-1
48,299,576.1,90.6,81.8,220.1,0.8899999856948853,-1,-1,-1
48,300,368.5,97.7,76.6,199.0,0.9300000071525574,-1,-1,-1
48,301,488.4,85.2,94.2,223.5,0.9300000071525574,-1,-1,-1
48,305,169.2,92.7,51.7,163.2,0.8899999856948853,-1,-1,-1
48,308,430.3,110.3,44.2,131.6,0.8700000047683716,-1,-1,-1
48,302,447.7,92.8,70.3,186.7,0.8999999761581421,-1,-1,-1
49,299,578.6,89.7,81.2,220.6,0.8799999952316284,-1,-1,-1
49,300,370.0,98.0,76.5,198.6,0.9399999976158142,-1,-1,-1
49,301,492.0,86.3,94.6,222.2,0.9300000071525574,-1,-1,-1
49,305,169.4,92.7,51.6,163.0,0.8899999856948853,-1,-1,-1
49,308,426.7,110.2,44.4,131.7,0.8700000047683716,-1,-1,-1
49,302,444.7,92.0,69.6,187.7,0.8999999761581421,-1,-1,-1
50,299,581.3,88.8,80.5,220.2,0.8899999856948853,-1,-1,-1
50,300,372.0,98.0,76.3,198.5,0.9300000071525574,-1,-1,-1
50,301,495.2,87.3,95.1,220.6,0.9300000071525574,-1,-1,-1
50,305,169.3,92.4,51.8,163.7,0.8999999761581421,-1,-1,-1
50,308,425.3,110.0,44.4,131.8,0.8600000143051147,-1,-1,-1
50,302,441.7,91.7,68.5,187.3,0.8999999761581421,-1,-1,-1
51,299,583.5,88.3,80.0,219.7,0.8899999856948853,-1,-1,-1
51,300,375.4,97.3,76.1,198.2,0.9300000071525574,-1,-1,-1
51,301,496.8,88.2,95.5,219.5,0.9200000166893005,-1,-1,-1
51,305,169.3,92.1,51.7,163.6,0.8899999856948853,-1,-1,-1
51,308,423.9,109.4,45.1,133.2,0.8199999928474426,-1,-1,-1
51,302,439.5,91.2,68.1,188.4,0.8999999761581421,-1,-1,-1
52,299,585.3,88.1,79.4,219.2,0.8799999952316284,-1,-1,-1
52,300,380.5,97.0,75.5,197.2,0.9300000071525574,-1,-1,-1
52,301,498.4,88.7,95.7,218.7,0.9300000071525574,-1,-1,-1
52,305,169.3,92.1,51.7,163.7,0.8999999761581421,-1,-1,-1
52,308,422.7,109.3,44.5,131.4,0.7300000190734863,-1,-1,-1
52,302,436.6,91.3,67.5,187.6,0.9100000262260437,-1,-1,-1
52,306,579.4,105.7,54.9,138.0,0.6000000238418579,-1,-1,-1
53,299,586.8,87.4,78.9,218.9,0.8700000047683716,-1,-1,-1
53,300,386.6,95.3,75.5,198.3,0.9200000166893005,-1,-1,-1
53,301,501.1,88.3,96.7,219.1,0.9200000166893005,-1,-1,-1
53,305,169.4,92.0,51.6,163.7,0.8999999761581421,-1,-1,-1
53,308,421.2,109.4,44.4,131.1,0.6000000238418579,-1,-1,-1
53,302,433.3,91.4,67.5,187.7,0.9100000262260437,-1,-1,-1
53,306,579.9,106.0,52.6,137.6,0.7699999809265137,-1,-1,-1
54,299,588.9,87.0,78.6,219.0,0.8100000023841858,-1,-1,-1
54,300,392.7,93.9,75.6,199.5,0.9200000166893005,-1,-1,-1
54,301,504.1,87.9,97.5,219.0,0.9100000262260437,-1,-1,-1
54,305,169.5,91.9,51.5,163.7,0.8999999761581421,-1,-1,-1
54,302,431.2,91.6,67.1,186.8,0.9100000262260437,-1,-1,-1
54,306,580.8,105.6,51.2,138.2,0.800000011920929,-1,-1,-1
55,299,591.0,86.9,78.5,219.3,0.7699999809265137,-1,-1,-1
55,300,397.2,92.4,75.6,200.2,0.9300000071525574,-1,-1,-1
55,301,506.4,87.4,97.8,218.7,0.9200000166893005,-1,-1,-1
55,305,169.7,91.9,51.4,163.7,0.8999999761581421,-1,-1,-1
55,302,427.7,91.6,67.4,187.6,0.8999999761581421,-1,-1,-1
55,306,581.3,103.7,51.0,140.6,0.75,-1,-1,-1
56,299,593.5,87.9,78.2,218.2,0.7599999904632568,-1,-1,-1
56,300,401.2,92.3,75.4,200.2,0.9200000166893005,-1,-1,-1
56,301,511.0,86.2,98.2,218.6,0.9100000262260437,-1,-1,-1
56,305,169.6,91.9,51.3,163.7,0.8999999761581421,-1,-1,-1
56,302,422.0,92.2,68.9,189.1,0.8799999952316284,-1,-1,-1
56,306,582.6,104.5,49.9,140.1,0.7699999809265137,-1,-1,-1
57,299,596.9,89.1,77.2,216.8,0.699999988079071,-1,-1,-1
57,300,403.7,93.7,75.1,198.3,0.8999999761581421,-1,-1,-1
57,301,514.7,85.1,98.2,218.9,0.9200000166893005,-1,-1,-1
57,305,169.6,92.2,51.1,163.4,0.8999999761581421,-1,-1,-1
57,302,418.0,93.1,69.4,188.1,0.8700000047683716,-1,-1,-1
57,306,582.2,105.5,48.6,138.6,0.8299999833106995,-1,-1,-1
58,299,600.2,90.8,75.9,215.3,0.6800000071525574,-1,-1,-1
58,300,406.4,95.6,75.1,196.8,0.8999999761581421,-1,-1,-1
58,301,519.0,84.3,97.7,219.3,0.9200000166893005,-1,-1,-1
58,305,169.5,92.1,51.2,163.7,0.8999999761581421,-1,-1,-1
58,306,580.6,105.0,48.4,139.2,0.8500000238418579,-1,-1,-1
59,299,603.1,95.2,73.6,210.8,0.6100000143051147,-1,-1,-1
59,300,408.9,96.0,75.5,195.8,0.8999999761581421,-1,-1,-1
59,301,522.0,83.7,97.0,219.5,0.9300000071525574,-1,-1,-1
59,305,169.4,92.1,51.1,163.5,0.8999999761581421,-1,-1,-1
59,306,580.7,105.1,48.0,139.2,0.8500000238418579,-1,-1,-1
60,299,606.4,97.9,72.8,209.2,0.6100000143051147,-1,-1,-1
60,300,409.8,95.7,76.1,194.9,0.8999999761581421,-1,-1,-1
60,301,525.4,83.8,96.3,218.9,0.9300000071525574,-1,-1,-1
60,305,169.4,92.1,51.2,163.7,0.8999999761581421,-1,-1,-1
60,306,580.7,105.7,47.7,138.6,0.800000011920929,-1,-1,-1
60,308,408.2,108.7,45.3,129.6,0.6000000238418579,-1,-1,-1
61,299,608.8,98.9,72.5,208.1,0.6000000238418579,-1,-1,-1
61,300,408.5,96.3,73.4,184.6,0.8299999833106995,-1,-1,-1
61,301,528.0,84.2,95.9,219.1,0.9200000166893005,-1,-1,-1
61,305,169.4,92.3,51.1,163.2,0.8999999761581421,-1,-1,-1
61,306,580.4,105.8,47.9,138.8,0.8100000023841858,-1,-1,-1
61,302,417.1,97.8,71.5,191.9,0.8700000047683716,-1,-1,-1
62,300,404.0,94.0,73.6,182.7,0.8799999952316284,-1,-1,-1
62,301,531.6,85.9,94.8,217.5,0.9200000166893005,-1,-1,-1
62,305,169.3,92.1,51.3,163.3,0.8799999952316284,-1,-1,-1
62,306,579.4,104.8,48.1,139.7,0.7099999785423279,-1,-1,-1
62,302,420.5,98.1,72.3,192.9,0.9100000262260437,-1,-1,-1
63,300,400.8,93.6,73.9,181.5,0.8899999856948853,-1,-1,-1
63,301,536.3,87.1,94.4,216.3,0.9300000071525574,-1,-1,-1
63,305,169.2,92.2,51.6,163.5,0.8899999856948853,-1,-1,-1
63,306,576.2,102.0,49.4,143.0,0.7099999785423279,-1,-1,-1
63,302,424.7,98.3,72.9,193.2,0.9100000262260437,-1,-1,-1
64,300,398.5,92.9,74.4,181.4,0.8899999856948853,-1,-1,-1
64,301,538.4,88.0,93.6,215.0,0.9300000071525574,-1,-1,-1
64,305,169.4,92.5,51.7,163.1,0.8999999761581421,-1,-1,-1
64,306,575.6,101.6,49.5,143.4,0.6000000238418579,-1,-1,-1
64,302,427.8,97.6,73.2,192.4,0.9100000262260437,-1,-1,-1
65,300,395.4,91.9,75.0,182.4,0.8999999761581421,-1,-1,-1
65,301,540.7,89.0,92.7,213.5,0.9300000071525574,-1,-1,-1
65,305,168.9,92.7,51.8,162.6,0.8899999856948853,-1,-1,-1
65,302,430.5,96.6,73.2,191.7,0.9200000166893005,-1,-1,-1
66,300,392.4,91.2,75.2,183.3,0.8999999761581421,-1,-1,-1
66,301,543.2,89.7,91.7,212.3,0.9300000071525574,-1,-1,-1
66,305,168.7,92.5,52.3,163.0,0.8799999952316284,-1,-1,-1
66,302,432.8,95.3,73.8,192.5,0.9200000166893005,-1,-1,-1
67,300,389.5,90.8,74.9,184.2,0.9100000262260437,-1,-1,-1
67,301,545.5,89.2,91.5,212.8,0.9200000166893005,-1,-1,-1
67,305,168.8,92.9,52.6,162.5,0.8899999856948853,-1,-1,-1
67,302,436.1,94.2,73.8,193.2,0.9200000166893005,-1,-1,-1
68,300,386.2,90.9,74.0,184.2,0.9100000262260437,-1,-1,-1
68,301,547.7,88.6,91.1,213.2,0.9100000262260437,-1,-1,-1
68,305,168.8,92.5,53.2,163.2,0.8899999856948853,-1,-1,-1
68,302,438.7,93.2,73.9,194.3,0.9200000166893005,-1,-1,-1
69,300,383.7,91.1,73.0,183.8,0.9100000262260437,-1,-1,-1
69,301,549.8,87.5,90.8,213.9,0.9100000262260437,-1,-1,-1
69,305,169.2,92.5,53.6,163.5,0.8899999856948853,-1,-1,-1
69,302,440.1,92.6,73.8,193.9,0.9200000166893005,-1,-1,-1
70,300,381.5,91.4,72.2,183.7,0.9100000262260437,-1,-1,-1
70,301,551.5,86.2,90.1,213.6,0.9100000262260437,-1,-1,-1
70,305,169.2,92.7,53.9,163.3,0.8899999856948853,-1,-1,-1
70,302,444.0,92.0,73.7,194.3,0.9200000166893005,-1,-1,-1
70,299,608.2,104.4,57.4,170.3,0.6000000238418579,-1,-1,-1
71,300,379.5,91.7,71.4,183.6,0.9100000262260437,-1,-1,-1
71,301,554.1,85.2,89.3,213.1,0.9200000166893005,-1,-1,-1
71,305,169.4,92.4,54.4,163.6,0.8899999856948853,-1,-1,-1
71,302,447.8,92.6,73.3,193.4,0.9300000071525574,-1,-1,-1
72,300,377.8,92.0,70.7,183.4,0.9100000262260437,-1,-1,-1
72,301,556.6,84.0,88.9,214.1,0.9100000262260437,-1,-1,-1
72,305,170.1,91.9,54.7,163.8,0.8899999856948853,-1,-1,-1
72,302,450.9,93.5,72.9,192.5,0.9300000071525574,-1,-1,-1
73,300,375.7,92.9,69.5,182.2,0.9200000166893005,-1,-1,-1
73,301,559.5,83.5,88.1,214.4,0.9100000262260437,-1,-1,-1
73,305,170.3,92.1,55.2,163.8,0.8899999856948853,-1,-1,-1
73,302,453.2,94.5,72.1,191.5,0.9300000071525574,-1,-1,-1
73,308,393.6,105.8,48.8,137.0,0.6000000238418579,-1,-1,-1
74,300,374.2,93.8,68.7,181.3,0.9100000262260437,-1,-1,-1
74,301,562.6,83.9,86.6,213.1,0.9200000166893005,-1,-1,-1
74,305,170.7,92.2,55.5,163.5,0.8999999761581421,-1,-1,-1
74,302,455.9,95.6,71.1,189.6,0.9300000071525574,-1,-1,-1
74,308,392.8,105.5,49.9,137.6,0.8500000238418579,-1,-1,-1
74,299,569.6,107.6,47.8,140.3,0.6000000238418579,-1,-1,-1
75,300,371.9,94.6,68.2,181.1,0.9100000262260437,-1,-1,-1
75,301,565.3,84.1,85.9,212.9,0.8999999761581421,-1,-1,-1
75,305,171.3,92.4,55.9,163.2,0.8999999761581421,-1,-1,-1
75,302,458.8,96.3,70.8,188.6,0.9200000166893005,-1,-1,-1
75,308,391.6,105.4,51.1,138.2,0.8500000238418579,-1,-1,-1
75,299,560.5,108.3,47.4,137.6,0.7799999713897705,-1,-1,-1
76,300,369.4,94.8,68.0,181.4,0.8999999761581421,-1,-1,-1
76,301,567.2,85.2,84.6,211.2,0.8700000047683716,-1,-1,-1
76,305,171.6,92.3,56.5,163.5,0.8999999761581421,-1,-1,-1
76,302,460.8,95.9,71.2,188.7,0.9300000071525574,-1,-1,-1
76,308,391.2,105.7,51.4,137.7,0.8600000143051147,-1,-1,-1
76,299,557.8,108.3,46.8,137.0,0.8100000023841858,-1,-1,-1
77,300,366.9,95.5,67.1,179.5,0.9100000262260437,-1,-1,-1
77,301,569.9,86.4,83.3,209.5,0.8700000047683716,-1,-1,-1
77,305,171.8,92.2,57.1,163.4,0.8999999761581421,-1,-1,-1
77,302,463.4,95.6,71.4,188.1,0.9200000166893005,-1,-1,-1
77,308,390.3,106.0,51.9,137.0,0.8600000143051147,-1,-1,-1
77,299,555.3,107.6,47.3,138.2,0.8299999833106995,-1,-1,-1
78,300,364.0,95.7,66.6,178.5,0.9100000262260437,-1,-1,-1
78,301,575.4,88.0,82.6,208.3,0.8500000238418579,-1,-1,-1
78,305,172.3,92.3,57.5,163.1,0.9100000262260437,-1,-1,-1
78,302,466.9,94.8,71.7,187.8,0.9200000166893005,-1,-1,-1
78,308,389.8,106.5,52.5,137.0,0.8700000047683716,-1,-1,-1
78,299,553.9,106.9,48.1,139.9,0.8399999737739563,-1,-1,-1
79,300,362.0,95.6,66.2,178.2,0.9100000262260437,-1,-1,-1
79,301,578.6,89.2,81.5,206.5,0.8399999737739563,-1,-1,-1
79,305,172.9,92.6,57.9,162.9,0.9100000262260437,-1,-1,-1
79,302,470.9,94.2,72.0,187.6,0.9200000166893005,-1,-1,-1
79,308,390.6,106.9,52.5,136.5,0.8700000047683716,-1,-1,-1
79,299,552.7,106.5,48.8,140.8,0.8299999833106995,-1,-1,-1
80,300,360.3,95.1,65.8,178.0,0.9100000262260437,-1,-1,-1
80,301,580.9,89.9,80.8,205.4,0.8399999737739563,-1,-1,-1
80,305,173.1,93.2,58.3,162.5,0.9100000262260437,-1,-1,-1
80,302,476.1,93.6,72.0,187.8,0.9200000166893005,-1,-1,-1
80,308,390.8,107.1,52.6,136.8,0.8799999952316284,-1,-1,-1
80,299,550.0,106.4,49.1,140.3,0.8399999737739563,-1,-1,-1
81,300,358.6,94.0,65.5,178.8,0.9200000166893005,-1,-1,-1
81,301,583.2,89.0,80.9,206.4,0.8500000238418579,-1,-1,-1
81,305,173.6,92.9,58.7,162.7,0.9200000166893005,-1,-1,-1
81,302,479.1,93.6,72.1,187.3,0.9100000262260437,-1,-1,-1
81,308,391.0,107.3,52.9,137.4,0.8799999952316284,-1,-1,-1
81,299,548.4,106.7,51.2,145.1,0.7699999809265137,-1,-1,-1
81,306,573.1,111.2,61.6,161.5,0.6000000238418579,-1,-1,-1
82,300,356.9,93.5,65.0,178.8,0.9200000166893005,-1,-1,-1
82,301,585.0,88.1,81.9,208.0,0.8500000238418579,-1,-1,-1
82,305,174.4,93.3,59.1,162.4,0.9200000166893005,-1,-1,-1
82,302,480.2,93.9,72.9,186.9,0.8999999761581421,-1,-1,-1
82,308,390.6,107.2,53.2,137.7,0.8799999952316284,-1,-1,-1
82,299,545.2,106.2,51.0,143.5,0.6800000071525574,-1,-1,-1
82,306,569.9,111.9,65.3,161.4,0.8899999856948853,-1,-1,-1
83,300,354.9,92.8,64.5,178.4,0.9200000166893005,-1,-1,-1
83,301,586.6,86.7,81.5,208.8,0.7799999713897705,-1,-1,-1
83,305,175.1,93.6,59.4,161.9,0.9200000166893005,-1,-1,-1
83,302,482.3,94.5,73.6,186.8,0.8899999856948853,-1,-1,-1
83,308,390.6,106.8,53.1,137.4,0.8899999856948853,-1,-1,-1
83,299,546.1,107.3,48.1,135.1,0.6399999856948853,-1,-1,-1
83,306,565.0,112.0,66.6,161.7,0.8700000047683716,-1,-1,-1
84,300,353.5,92.3,64.2,178.3,0.9200000166893005,-1,-1,-1
84,301,590.7,84.8,81.7,209.3,0.8199999928474426,-1,-1,-1
84,305,175.7,93.3,59.9,162.1,0.9200000166893005,-1,-1,-1
84,302,488.9,96.0,73.2,185.0,0.9100000262260437,-1,-1,-1
84,308,390.5,106.4,53.2,137.3,0.8899999856948853,-1,-1,-1
84,299,543.6,107.2,47.6,133.7,0.6000000238418579,-1,-1,-1
84,306,559.0,111.2,66.7,162.4,0.8899999856948853,-1,-1,-1
85,300,352.0,91.7,63.8,178.0,0.9200000166893005,-1,-1,-1
85,301,595.0,84.6,80.0,206.5,0.7900000214576721,-1,-1,-1
85,305,176.5,94.0,60.1,161.2,0.9200000166893005,-1,-1,-1
85,302,491.6,97.8,72.6,182.7,0.8899999856948853,-1,-1,-1
85,308,390.7,106.3,53.3,137.3,0.8899999856948853,-1,-1,-1
85,306,555.7,110.1,67.0,163.9,0.8899999856948853,-1,-1,-1
86,300,349.8,91.5,63.8,178.4,0.9100000262260437,-1,-1,-1
86,301,600.1,84.5,78.5,205.2,0.699999988079071,-1,-1,-1
86,305,177.0,94.3,60.5,160.7,0.9200000166893005,-1,-1,-1
86,302,494.8,98.9,72.4,181.1,0.9200000166893005,-1,-1,-1
86,308,391.0,106.0,53.6,137.8,0.8999999761581421,-1,-1,-1
86,306,552.4,109.0,66.6,164.9,0.8700000047683716,-1,-1,-1
87,300,348.4,91.9,63.5,178.1,0.9200000166893005,-1,-1,-1
87,301,603.0,84.2,78.3,204.6,0.6000000238418579,-1,-1,-1
87,305,177.5,94.6,60.9,160.5,0.9200000166893005,-1,-1,-1
87,302,497.1,99.4,73.0,180.6,0.9200000166893005,-1,-1,-1
87,308,390.7,105.8,53.8,137.8,0.8999999761581421,-1,-1,-1
87,306,552.4,108.7,67.1,164.9,0.8700000047683716,-1,-1,-1
88,300,346.1,92.0,63.7,178.4,0.9300000071525574,-1,-1,-1
88,305,178.0,94.8,61.4,160.2,0.9200000166893005,-1,-1,-1
88,302,498.3,99.4,73.8,181.3,0.9200000166893005,-1,-1,-1
88,308,390.0,105.6,54.2,138.2,0.8999999761581421,-1,-1,-1
88,306,551.1,108.2,67.7,165.6,0.8700000047683716,-1,-1,-1
89,300,342.9,92.3,64.0,178.4,0.9300000071525574,-1,-1,-1
89,305,178.4,94.9,61.9,160.1,0.9200000166893005,-1,-1,-1
89,302,501.7,100.0,74.0,180.9,0.9200000166893005,-1,-1,-1
89,308,389.5,105.7,54.5,138.1,0.8899999856948853,-1,-1,-1
89,306,547.9,108.4,67.7,165.5,0.8299999833106995,-1,-1,-1
90,300,338.8,92.6,64.7,177.8,0.9300000071525574,-1,-1,-1
90,305,178.8,94.6,62.5,160.5,0.9300000071525574,-1,-1,-1
90,302,505.6,99.2,74.3,181.8,0.9200000166893005,-1,-1,-1
90,308,389.2,105.7,54.9,138.3,0.8999999761581421,-1,-1,-1
90,299,540.3,109.7,58.0,160.9,0.6000000238418579,-1,-1,-1
91,300,334.1,92.6,65.8,177.6,0.9300000071525574,-1,-1,-1
91,305,179.2,94.2,62.9,160.7,0.9200000166893005,-1,-1,-1
91,302,510.8,98.3,73.7,181.5,0.8999999761581421,-1,-1,-1
91,308,388.8,105.8,55.2,138.3,0.8899999856948853,-1,-1,-1
91,299,538.5,109.7,60.3,163.9,0.8199999928474426,-1,-1,-1
92,300,330.9,92.8,66.7,177.1,0.9200000166893005,-1,-1,-1
92,305,179.9,94.1,63.0,160.5,0.9200000166893005,-1,-1,-1
92,302,516.6,98.2,72.8,180.2,0.8999999761581421,-1,-1,-1
92,308,387.9,105.9,55.3,138.4,0.8899999856948853,-1,-1,-1
92,299,535.2,110.0,61.8,163.8,0.7900000214576721,-1,-1,-1
93,300,327.8,93.5,67.7,176.4,0.9200000166893005,-1,-1,-1
93,305,181.0,94.3,63.0,160.3,0.9300000071525574,-1,-1,-1
93,302,520.7,97.1,73.6,180.3,0.8899999856948853,-1,-1,-1
93,308,387.0,106.0,55.6,138.2,0.8999999761581421,-1,-1,-1
94,300,326.0,94.4,68.2,175.3,0.9100000262260437,-1,-1,-1
94,305,181.9,94.3,63.1,160.4,0.9300000071525574,-1,-1,-1
94,302,523.4,96.8,73.7,180.0,0.8600000143051147,-1,-1,-1
94,308,386.1,105.8,56.1,138.5,0.8999999761581421,-1,-1,-1
95,300,324.5,94.9,68.7,174.7,0.9200000166893005,-1,-1,-1
95,305,182.4,94.1,63.1,160.4,0.9300000071525574,-1,-1,-1
95,302,525.3,96.7,73.7,179.5,0.8600000143051147,-1,-1,-1
95,308,384.6,106.0,56.7,138.6,0.8999999761581421,-1,-1,-1
95,299,518.1,107.0,62.8,164.9,0.7900000214576721,-1,-1,-1
96,300,323.9,95.5,68.7,173.6,0.9200000166893005,-1,-1,-1
96,305,182.8,93.7,63.1,160.4,0.9300000071525574,-1,-1,-1
96,302,531.0,98.4,73.2,177.9,0.8899999856948853,-1,-1,-1
96,308,384.5,106.1,57.1,138.6,0.9100000262260437,-1,-1,-1
96,299,516.3,108.8,63.5,162.9,0.8500000238418579,-1,-1,-1
97,300,322.4,95.8,68.6,172.5,0.9200000166893005,-1,-1,-1
97,305,183.3,93.9,62.9,159.7,0.9300000071525574,-1,-1,-1
97,302,538.5,99.6,73.2,176.6,0.8999999761581421,-1,-1,-1
97,308,384.6,106.4,57.5,138.5,0.8999999761581421,-1,-1,-1
97,299,514.3,111.5,63.6,161.0,0.8799999952316284,-1,-1,-1
98,300,321.1,95.5,69.0,173.1,0.9200000166893005,-1,-1,-1
98,305,183.3,93.8,62.9,159.6,0.9300000071525574,-1,-1,-1
98,302,543.7,100.5,73.5,175.4,0.9100000262260437,-1,-1,-1
98,308,383.7,106.6,57.9,138.4,0.9100000262260437,-1,-1,-1
98,299,510.5,113.0,62.0,157.6,0.8500000238418579,-1,-1,-1
99,300,319.6,94.5,69.3,173.7,0.9200000166893005,-1,-1,-1
99,305,183.3,93.6,63.0,159.5,0.9300000071525574,-1,-1,-1
99,302,546.6,101.2,73.4,173.7,0.9100000262260437,-1,-1,-1
99,308,382.8,106.6,58.4,138.3,0.9100000262260437,-1,-1,-1
99,299,507.1,113.2,61.2,157.1,0.8799999952316284,-1,-1,-1
100,300,318.1,93.6,69.5,174.4,0.9200000166893005,-1,-1,-1
100,305,183.3,93.8,63.0,159.3,0.9300000071525574,-1,-1,-1
100,302,547.3,101.5,73.7,173.6,0.9100000262260437,-1,-1,-1
100,308,381.9,106.6,58.9,138.5,0.8999999761581421,-1,-1,-1
100,299,503.7,112.0,61.0,158.0,0.8799999952316284,-1,-1,-1
100,306,526.6,108.2,57.4,144.8,0.8299999833106995,-1,-1,-1
101,300,316.5,92.9,69.8,175.6,0.9200000166893005,-1,-1,-1
101,305,183.1,93.9,63.1,159.3,0.9300000071525574,-1,-1,-1
101,302,548.9,101.3,73.7,173.7,0.9200000166893005,-1,-1,-1
101,308,381.2,106.1,59.6,139.2,0.8999999761581421,-1,-1,-1
101,299,500.2,111.1,60.4,158.3,0.8899999856948853,-1,-1,-1
101,306,522.4,108.8,56.7,149.2,0.7799999713897705,-1,-1,-1
102,300,314.2,92.6,69.5,175.9,0.9200000166893005,-1,-1,-1
102,305,182.9,94.1,63.1,159.0,0.9300000071525574,-1,-1,-1
102,302,550.4,101.0,73.8,174.3,0.9300000071525574,-1,-1,-1
102,308,380.7,105.8,60.2,139.6,0.9100000262260437,-1,-1,-1
102,299,498.1,110.3,60.3,159.4,0.8700000047683716,-1,-1,-1
102,306,523.1,109.1,54.6,145.1,0.800000011920929,-1,-1,-1
103,300,311.9,91.9,69.2,176.0,0.9300000071525574,-1,-1,-1
103,305,182.7,93.8,63.3,159.3,0.9300000071525574,-1,-1,-1
103,302,553.0,100.3,73.1,173.8,0.9300000071525574,-1,-1,-1
103,308,380.1,105.5,60.6,139.9,0.9100000262260437,-1,-1,-1
103,299,494.3,109.9,59.8,159.8,0.8899999856948853,-1,-1,-1
103,306,526.2,108.8,54.0,143.1,0.8700000047683716,-1,-1,-1
104,300,309.9,91.8,68.7,175.5,0.9300000071525574,-1,-1,-1
104,305,182.2,93.5,63.5,159.7,0.9399999976158142,-1,-1,-1
104,302,557.0,99.3,72.1,173.9,0.9300000071525574,-1,-1,-1
104,308,379.7,105.1,61.1,140.2,0.9100000262260437,-1,-1,-1
104,299,490.9,109.6,59.2,159.8,0.9100000262260437,-1,-1,-1
104,306,526.5,108.8,54.1,142.5,0.8700000047683716,-1,-1,-1
105,300,308.2,91.7,68.3,175.3,0.9300000071525574,-1,-1,-1
105,305,182.0,93.3,63.5,159.8,0.9300000071525574,-1,-1,-1
105,302,560.7,97.4,72.1,175.4,0.9300000071525574,-1,-1,-1
105,308,379.3,104.8,61.5,140.5,0.9100000262260437,-1,-1,-1
105,299,485.5,109.7,59.4,159.4,0.9100000262260437,-1,-1,-1
105,306,525.2,108.2,54.5,142.5,0.8700000047683716,-1,-1,-1
106,300,306.8,91.7,67.8,175.0,0.9200000166893005,-1,-1,-1
106,305,181.6,93.3,63.6,159.9,0.9300000071525574,-1,-1,-1
106,302,565.2,96.0,72.0,176.4,0.9100000262260437,-1,-1,-1
106,308,379.3,104.7,61.6,140.7,0.9100000262260437,-1,-1,-1
106,299,478.7,109.9,60.4,159.3,0.9100000262260437,-1,-1,-1
106,306,523.7,107.0,55.2,143.5,0.8700000047683716,-1,-1,-1
107,300,305.9,92.1,66.9,173.5,0.9300000071525574,-1,-1,-1
107,305,181.4,93.3,63.6,159.7,0.9300000071525574,-1,-1,-1
107,302,569.8,95.2,71.7,176.8,0.8999999761581421,-1,-1,-1
107,308,379.1,104.5,61.8,141.2,0.9100000262260437,-1,-1,-1
107,299,472.6,110.7,61.6,158.5,0.8999999761581421,-1,-1,-1
107,306,522.6,106.3,55.9,144.2,0.8500000238418579,-1,-1,-1
108,300,305.0,92.6,66.1,172.4,0.9300000071525574,-1,-1,-1
108,305,181.3,93.3,63.6,159.6,0.9300000071525574,-1,-1,-1
108,302,571.5,94.6,72.9,178.3,0.8700000047683716,-1,-1,-1
108,308,379.0,104.5,61.9,141.5,0.9100000262260437,-1,-1,-1
108,299,467.4,111.6,63.1,157.3,0.9100000262260437,-1,-1,-1
108,306,522.8,105.4,57.5,145.6,0.8299999833106995,-1,-1,-1
109,300,304.0,92.3,66.1,173.1,0.9399999976158142,-1,-1,-1
109,305,181.1,93.2,63.8,159.8,0.9399999976158142,-1,-1,-1
109,302,577.3,95.8,72.0,177.0,0.8899999856948853,-1,-1,-1
109,308,378.3,104.5,62.1,142.1,0.9100000262260437,-1,-1,-1
109,299,463.5,112.1,65.0,156.8,0.9200000166893005,-1,-1,-1
109,306,520.1,105.0,58.2,146.0,0.8399999737739563,-1,-1,-1
110,300,303.1,93.0,65.6,172.4,0.9300000071525574,-1,-1,-1
110,305,181.0,92.7,64.0,160.3,0.9300000071525574,-1,-1,-1
110,302,580.7,96.7,71.2,176.0,0.9100000262260437,-1,-1,-1
110,308,378.4,104.6,62.2,142.2,0.9100000262260437,-1,-1,-1
110,299,461.1,112.9,66.7,155.9,0.9200000166893005,-1,-1,-1
110,306,521.6,104.6,60.5,146.6,0.8799999952316284,-1,-1,-1
111,300,302.4,93.2,65.4,172.6,0.9300000071525574,-1,-1,-1
111,305,181.2,93.0,64.0,160.0,0.9300000071525574,-1,-1,-1
111,302,582.3,97.3,70.2,174.7,0.9100000262260437,-1,-1,-1
111,308,378.5,104.9,62.2,141.9,0.9100000262260437,-1,-1,-1
111,299,459.7,113.4,68.3,154.8,0.9200000166893005,-1,-1,-1
111,306,518.9,104.7,62.5,147.0,0.8500000238418579,-1,-1,-1
112,300,301.5,94.0,65.0,172.1,0.9300000071525574,-1,-1,-1
112,305,181.4,93.0,64.0,159.9,0.9300000071525574,-1,-1,-1
112,302,584.4,97.8,69.0,173.8,0.8999999761581421,-1,-1,-1
112,308,379.1,105.1,62.4,142.2,0.8999999761581421,-1,-1,-1
112,299,458.4,113.7,69.8,154.7,0.9300000071525574,-1,-1,-1
112,306,516.0,105.0,63.9,147.1,0.8700000047683716,-1,-1,-1
113,300,300.8,94.3,64.5,171.5,0.9200000166893005,-1,-1,-1
113,305,181.6,92.9,64.1,160.1,0.9300000071525574,-1,-1,-1
113,302,586.2,98.2,67.8,173.6,0.8899999856948853,-1,-1,-1
113,308,379.2,105.2,62.7,142.5,0.9100000262260437,-1,-1,-1
113,299,457.3,114.2,71.2,154.4,0.9300000071525574,-1,-1,-1
113,306,514.2,105.7,65.1,146.4,0.8799999952316284,-1,-1,-1
114,300,300.1,94.6,64.1,170.9,0.9300000071525574,-1,-1,-1
114,305,181.8,92.9,64.1,160.0,0.9300000071525574,-1,-1,-1
114,302,588.3,98.0,66.7,173.7,0.8799999952316284,-1,-1,-1
114,308,380.7,105.8,62.6,142.4,0.9100000262260437,-1,-1,-1
114,299,455.6,113.8,72.4,154.6,0.9200000166893005,-1,-1,-1
114,306,512.1,106.8,66.1,145.9,0.8600000143051147,-1,-1,-1
115,300,299.3,95.2,63.6,170.3,0.9200000166893005,-1,-1,-1
115,305,182.3,93.1,64.1,159.9,0.9200000166893005,-1,-1,-1
115,302,590.6,98.0,65.7,174.4,0.8700000047683716,-1,-1,-1
115,308,382.2,106.7,62.3,141.7,0.9100000262260437,-1,-1,-1
115,299,452.8,113.3,73.0,154.9,0.9100000262260437,-1,-1,-1
115,306,507.1,108.0,66.2,145.6,0.8500000238418579,-1,-1,-1
116,300,298.5,95.4,63.0,169.2,0.9200000166893005,-1,-1,-1
116,305,182.8,93.3,63.9,159.5,0.9300000071525574,-1,-1,-1
116,302,593.0,97.2,63.9,172.7,0.8600000143051147,-1,-1,-1
116,308,382.3,107.1,62.7,142.3,0.9100000262260437,-1,-1,-1
116,299,450.1,112.5,73.3,155.3,0.9100000262260437,-1,-1,-1
116,306,505.8,108.7,67.1,145.1,0.8700000047683716,-1,-1,-1
117,300,297.8,95.2,62.8,169.3,0.9200000166893005,-1,-1,-1
117,305,183.4,93.0,64.0,159.8,0.9300000071525574,-1,-1,-1
117,302,595.2,96.1,63.0,173.3,0.8199999928474426,-1,-1,-1
117,308,383.0,107.0,63.0,142.9,0.9100000262260437,-1,-1,-1
117,299,445.8,112.2,72.9,155.0,0.8999999761581421,-1,-1,-1
117,306,504.2,109.0,67.4,144.9,0.8700000047683716,-1,-1,-1
118,300,297.2,95.1,62.5,169.3,0.9300000071525574,-1,-1,-1
118,305,184.1,92.7,64.2,160.0,0.9300000071525574,-1,-1,-1
118,302,599.0,94.4,62.2,173.8,0.8399999737739563,-1,-1,-1
118,308,384.0,106.9,63.4,143.1,0.8999999761581421,-1,-1,-1
118,299,441.1,111.4,71.9,155.5,0.8999999761581421,-1,-1,-1
118,306,502.4,108.8,68.0,145.2,0.8700000047683716,-1,-1,-1
119,300,296.5,94.2,62.2,169.3,0.9300000071525574,-1,-1,-1
119,305,185.0,92.2,64.3,160.5,0.9200000166893005,-1,-1,-1
119,302,602.0,93.0,62.0,175.2,0.8399999737739563,-1,-1,-1
119,308,384.5,106.8,64.0,143.4,0.8999999761581421,-1,-1,-1
119,299,436.1,110.8,70.7,155.9,0.8999999761581421,-1,-1,-1
119,306,499.4,108.6,67.6,145.3,0.8799999952316284,-1,-1,-1
120,300,296.0,93.3,62.1,169.7,0.9200000166893005,-1,-1,-1
120,305,185.7,91.8,64.4,160.9,0.9200000166893005,-1,-1,-1
120,302,604.5,93.3,61.4,175.4,0.8199999928474426,-1,-1,-1
120,308,385.2,106.8,64.0,143.3,0.8899999856948853,-1,-1,-1
120,299,431.9,110.3,69.1,156.3,0.8999999761581421,-1,-1,-1
120,306,498.1,107.8,67.7,146.4,0.8700000047683716,-1,-1,-1
121,300,295.7,93.1,61.8,169.9,0.9200000166893005,-1,-1,-1
121,305,187.1,91.9,64.4,160.9,0.9100000262260437,-1,-1,-1
121,302,607.2,93.5,60.5,174.4,0.8299999833106995,-1,-1,-1
121,308,385.2,106.6,64.0,143.4,0.8899999856948853,-1,-1,-1
121,299,428.4,110.3,67.8,157.1,0.9100000262260437,-1,-1,-1
121,306,495.5,106.8,67.4,147.4,0.8799999952316284,-1,-1,-1
122,300,295.5,92.4,61.3,168.8,0.9200000166893005,-1,-1,-1
122,305,187.8,91.6,64.6,161.1,0.9200000166893005,-1,-1,-1
122,302,609.6,94.7,59.7,172.9,0.7900000214576721,-1,-1,-1
122,308,385.2,106.2,64.1,144.0,0.8899999856948853,-1,-1,-1
122,299,426.2,110.5,66.3,157.0,0.8999999761581421,-1,-1,-1
122,306,493.1,106.2,67.1,148.1,0.8899999856948853,-1,-1,-1
123,300,295.1,91.7,61.0,168.4,0.9300000071525574,-1,-1,-1
123,305,188.5,91.7,64.7,161.1,0.9300000071525574,-1,-1,-1
123,302,611.2,97.0,58.3,170.6,0.6899999976158142,-1,-1,-1
123,308,385.3,106.1,63.9,144.0,0.8899999856948853,-1,-1,-1
123,299,423.6,111.1,65.1,156.4,0.8899999856948853,-1,-1,-1
123,306,494.4,105.6,67.8,148.8,0.8799999952316284,-1,-1,-1
124,300,294.6,91.5,60.8,168.6,0.9200000166893005,-1,-1,-1
124,305,189.1,91.7,64.6,160.7,0.9300000071525574,-1,-1,-1
124,302,613.5,97.1,58.2,170.1,0.6000000238418579,-1,-1,-1
124,308,385.5,106.2,63.7,144.2,0.8899999856948853,-1,-1,-1
124,299,419.6,111.9,64.6,155.7,0.8999999761581421,-1,-1,-1
124,306,494.7,105.4,68.3,148.7,0.8899999856948853,-1,-1,-1
125,300,293.6,91.4,60.5,168.7,0.9300000071525574,-1,-1,-1
125,305,189.5,91.6,64.6,160.6,0.9300000071525574,-1,-1,-1
125,308,385.1,106.6,63.9,144.7,0.8799999952316284,-1,-1,-1
125,299,416.0,113.1,64.2,154.3,0.9100000262260437,-1,-1,-1
125,306,492.5,105.4,68.7,149.0,0.8799999952316284,-1,-1,-1
126,300,292.6,91.3,60.3,169.0,0.9200000166893005,-1,-1,-1
126,305,190.0,91.3,64.6,160.5,0.9300000071525574,-1,-1,-1
126,308,384.9,106.7,64.7,146.5,0.8700000047683716,-1,-1,-1
126,299,413.7,114.2,64.2,153.1,0.9100000262260437,-1,-1,-1
126,306,487.0,105.6,68.5,148.9,0.8799999952316284,-1,-1,-1
127,300,291.4,91.0,60.5,170.0,0.9300000071525574,-1,-1,-1
127,305,190.2,91.2,64.6,160.5,0.9300000071525574,-1,-1,-1
127,308,385.9,107.1,64.2,145.2,0.8700000047683716,-1,-1,-1
127,299,411.4,114.7,64.5,152.2,0.9200000166893005,-1,-1,-1
127,306,483.5,105.9,68.2,148.7,0.8899999856948853,-1,-1,-1
128,300,289.5,91.0,60.9,170.3,0.9300000071525574,-1,-1,-1
128,305,190.3,91.4,64.6,160.5,0.9300000071525574,-1,-1,-1
128,308,386.9,107.7,63.8,143.9,0.8600000143051147,-1,-1,-1
128,299,409.3,115.6,64.6,150.9,0.9200000166893005,-1,-1,-1
128,306,483.5,106.9,68.7,148.2,0.8799999952316284,-1,-1,-1
129,300,285.9,91.3,61.4,170.0,0.9300000071525574,-1,-1,-1
129,305,190.5,91.5,64.5,160.3,0.9300000071525574,-1,-1,-1
129,308,386.6,108.4,64.3,145.2,0.8700000047683716,-1,-1,-1
129,299,408.2,115.8,65.0,150.6,0.9100000262260437,-1,-1,-1
129,306,482.1,107.6,69.8,147.8,0.8799999952316284,-1,-1,-1
130,300,282.8,91.7,62.3,169.7,0.9300000071525574,-1,-1,-1
130,305,190.5,91.6,64.5,160.4,0.9300000071525574,-1,-1,-1
130,308,386.8,108.7,64.5,145.8,0.8399999737739563,-1,-1,-1
130,299,406.9,115.7,65.2,150.5,0.8999999761581421,-1,-1,-1
130,306,478.4,108.3,70.0,147.5,0.8700000047683716,-1,-1,-1
131,300,280.1,91.8,63.4,169.1,0.9300000071525574,-1,-1,-1
131,305,190.5,91.6,64.2,159.9,0.9300000071525574,-1,-1,-1
131,308,388.9,109.0,62.5,142.4,0.7300000190734863,-1,-1,-1
131,299,401.1,115.2,65.9,150.7,0.8600000143051147,-1,-1,-1
131,306,476.2,109.1,70.6,147.2,0.8700000047683716,-1,-1,-1
132,300,278.6,92.2,64.0,168.3,0.9200000166893005,-1,-1,-1
132,305,190.3,91.6,64.0,159.7,0.9200000166893005,-1,-1,-1
132,308,390.6,108.6,61.7,141.6,0.6700000166893005,-1,-1,-1
132,299,397.7,114.2,66.1,150.5,0.8600000143051147,-1,-1,-1
132,306,474.8,109.5,71.4,147.2,0.8700000047683716,-1,-1,-1
133,300,276.2,92.3,64.9,167.7,0.9200000166893005,-1,-1,-1
133,305,190.2,91.5,63.9,159.4,0.9200000166893005,-1,-1,-1
133,299,392.6,111.8,66.7,152.6,0.8899999856948853,-1,-1,-1
133,306,471.8,109.7,71.5,146.9,0.8799999952316284,-1,-1,-1
134,300,274.6,92.8,65.5,167.0,0.9200000166893005,-1,-1,-1
134,305,190.1,91.5,63.8,159.3,0.9200000166893005,-1,-1,-1
134,299,389.0,109.3,67.0,155.0,0.8799999952316284,-1,-1,-1
134,306,470.0,109.4,71.9,147.5,0.8799999952316284,-1,-1,-1
135,300,272.9,93.2,66.1,166.2,0.9300000071525574,-1,-1,-1
135,305,189.7,91.5,63.5,159.0,0.9300000071525574,-1,-1,-1
135,299,387.8,107.5,67.1,156.4,0.8899999856948853,-1,-1,-1
135,306,466.7,108.7,71.8,148.2,0.8600000143051147,-1,-1,-1
136,300,271.0,93.7,66.6,165.7,0.9300000071525574,-1,-1,-1
136,305,189.1,91.7,63.2,158.8,0.9200000166893005,-1,-1,-1
136,299,388.6,106.6,66.7,156.7,0.9100000262260437,-1,-1,-1
136,306,462.8,108.6,71.4,148.0,0.8899999856948853,-1,-1,-1
137,300,269.6,93.7,67.0,165.5,0.9300000071525574,-1,-1,-1
137,305,188.4,91.6,63.0,158.8,0.9300000071525574,-1,-1,-1
137,299,388.6,106.2,66.7,157.3,0.8999999761581421,-1,-1,-1
137,306,460.3,108.4,71.1,148.2,0.8999999761581421,-1,-1,-1
138,300,267.9,93.7,67.4,165.5,0.9300000071525574,-1,-1,-1
138,305,187.9,91.4,62.8,159.1,0.9399999976158142,-1,-1,-1
138,299,387.5,106.8,66.6,156.9,0.8799999952316284,-1,-1,-1
138,306,458.5,108.1,71.2,148.8,0.9100000262260437,-1,-1,-1
139,300,266.8,93.5,67.8,165.8,0.9300000071525574,-1,-1,-1
139,305,187.3,91.7,62.4,158.8,0.9300000071525574,-1,-1,-1
139,299,381.0,109.9,64.5,153.2,0.9100000262260437,-1,-1,-1
139,306,457.6,108.2,71.1,149.0,0.8999999761581421,-1,-1,-1
139,310,-5.4,112.1,63.7,181.5,0.6899999976158142,-1,-1,-1
139,308,397.5,107.1,62.5,145.6,0.6700000166893005,-1,-1,-1
140,300,266.2,93.1,68.0,166.0,0.9100000262260437,-1,-1,-1
140,305,186.8,91.6,62.2,158.8,0.9300000071525574,-1,-1,-1
140,299,375.7,110.9,63.8,151.5,0.9200000166893005,-1,-1,-1
140,306,456.5,108.4,71.1,148.9,0.8999999761581421,-1,-1,-1
140,310,-5.2,109.7,64.6,184.6,0.8100000023841858,-1,-1,-1
140,308,395.7,106.8,62.9,146.9,0.8500000238418579,-1,-1,-1
141,300,265.3,92.1,68.5,167.0,0.8999999761581421,-1,-1,-1
141,305,186.1,91.7,61.8,158.6,0.9300000071525574,-1,-1,-1
141,299,370.6,111.9,63.6,150.0,0.9300000071525574,-1,-1,-1
141,306,456.0,108.7,71.2,149.3,0.8899999856948853,-1,-1,-1
141,310,-2.6,110.2,63.8,183.7,0.8500000238418579,-1,-1,-1
141,308,394.8,106.6,63.6,148.8,0.8600000143051147,-1,-1,-1
142,300,264.0,91.2,68.5,167.5,0.9100000262260437,-1,-1,-1
142,305,185.6,91.5,61.6,158.7,0.9300000071525574,-1,-1,-1
142,299,366.9,112.9,63.8,149.3,0.9300000071525574,-1,-1,-1
142,306,456.3,109.3,71.1,149.4,0.8999999761581421,-1,-1,-1
142,310,1.9,109.6,63.4,184.2,0.8600000143051147,-1,-1,-1
142,308,394.7,107.1,63.7,149.4,0.8600000143051147,-1,-1,-1
143,300,262.7,90.7,68.7,167.9,0.9100000262260437,-1,-1,-1
143,305,185.1,91.6,61.4,158.5,0.9300000071525574,-1,-1,-1
143,299,364.6,113.3,64.4,148.8,0.9300000071525574,-1,-1,-1
143,306,454.8,110.2,69.9,147.7,0.8999999761581421,-1,-1,-1
143,310,6.7,110.3,62.3,182.3,0.8700000047683716,-1,-1,-1
143,308,395.8,107.8,63.4,149.6,0.8700000047683716,-1,-1,-1
144,300,262.0,90.7,68.5,167.8,0.9100000262260437,-1,-1,-1
144,305,184.4,91.4,61.3,159.0,0.9300000071525574,-1,-1,-1
144,299,363.3,113.7,64.9,148.6,0.9300000071525574,-1,-1,-1
144,306,453.9,111.1,69.6,147.4,0.8999999761581421,-1,-1,-1
144,310,12.0,110.4,62.2,181.7,0.8799999952316284,-1,-1,-1
144,308,397.7,108.2,62.7,149.5,0.8899999856948853,-1,-1,-1
145,300,260.9,91.0,67.9,167.2,0.9100000262260437,-1,-1,-1
145,305,183.8,91.2,61.2,159.2,0.9300000071525574,-1,-1,-1
145,299,362.7,114.3,65.2,148.0,0.9300000071525574,-1,-1,-1
145,306,452.7,111.5,69.4,148.1,0.8999999761581421,-1,-1,-1
145,310,19.8,111.5,62.6,180.5,0.9100000262260437,-1,-1,-1
145,308,398.8,108.6,61.9,149.0,0.8899999856948853,-1,-1,-1
146,300,259.8,90.6,67.7,167.4,0.9100000262260437,-1,-1,-1
146,305,183.3,90.9,61.2,159.5,0.9300000071525574,-1,-1,-1
146,299,362.0,114.0,65.7,148.2,0.9399999976158142,-1,-1,-1
146,306,452.2,111.7,69.4,148.8,0.8899999856948853,-1,-1,-1
146,310,24.3,112.0,64.1,180.4,0.9300000071525574,-1,-1,-1
146,308,399.4,109.4,61.3,148.4,0.8899999856948853,-1,-1,-1
147,300,258.6,90.6,67.1,167.0,0.9200000166893005,-1,-1,-1
147,305,182.9,90.9,61.0,159.4,0.9300000071525574,-1,-1,-1
147,299,361.5,113.7,65.9,148.1,0.9300000071525574,-1,-1,-1
147,306,451.6,111.7,68.9,148.6,0.8899999856948853,-1,-1,-1
147,310,27.4,113.0,65.6,179.0,0.9300000071525574,-1,-1,-1
147,308,400.9,110.0,60.8,148.2,0.8999999761581421,-1,-1,-1
148,300,257.3,90.4,66.5,166.8,0.9200000166893005,-1,-1,-1
148,305,182.5,90.7,60.9,159.3,0.9300000071525574,-1,-1,-1
148,299,360.4,113.3,65.8,147.8,0.9100000262260437,-1,-1,-1
148,306,452.5,111.5,69.2,149.2,0.8799999952316284,-1,-1,-1
148,310,29.4,113.5,67.6,178.4,0.9399999976158142,-1,-1,-1
148,308,402.2,110.3,60.4,148.5,0.9100000262260437,-1,-1,-1
149,300,256.3,90.3,65.9,166.8,0.9200000166893005,-1,-1,-1
149,305,182.3,90.4,61.0,159.7,0.9300000071525574,-1,-1,-1
149,299,358.8,112.5,65.7,148.2,0.9100000262260437,-1,-1,-1
149,306,452.0,111.1,69.6,149.9,0.8799999952316284,-1,-1,-1
149,310,30.4,114.0,69.7,177.7,0.9300000071525574,-1,-1,-1
149,308,402.5,110.7,60.1,148.6,0.9100000262260437,-1,-1,-1
150,300,255.3,90.1,65.3,167.1,0.9200000166893005,-1,-1,-1
150,305,182.2,90.4,60.9,159.7,0.9300000071525574,-1,-1,-1
150,299,356.9,111.7,65.2,147.9,0.9200000166893005,-1,-1,-1
150,306,450.5,110.2,69.7,150.7,0.8799999952316284,-1,-1,-1
150,310,30.7,113.6,71.9,177.9,0.9300000071525574,-1,-1,-1
150,308,402.4,110.7,60.1,149.0,0.9200000166893005,-1,-1,-1
151,300,254.9,90.3,64.6,166.9,0.9300000071525574,-1,-1,-1
151,305,182.0,90.6,60.8,159.4,0.9300000071525574,-1,-1,-1
151,299,354.2,111.0,64.8,148.2,0.8999999761581421,-1,-1,-1
151,306,450.0,109.3,70.0,151.5,0.8799999952316284,-1,-1,-1
151,310,32.5,113.4,73.8,178.3,0.9200000166893005,-1,-1,-1
151,308,402.7,110.8,59.9,149.1,0.9100000262260437,-1,-1,-1
152,300,254.5,90.5,63.9,166.6,0.9300000071525574,-1,-1,-1
152,305,181.7,90.6,60.9,159.5,0.9300000071525574,-1,-1,-1
152,299,351.4,110.7,63.9,148.3,0.9100000262260437,-1,-1,-1
152,306,448.4,108.6,69.9,152.3,0.8799999952316284,-1,-1,-1
152,310,34.4,112.9,75.0,177.8,0.9200000166893005,-1,-1,-1
152,308,401.0,110.7,60.1,149.2,0.8899999856948853,-1,-1,-1
153,300,254.2,90.4,63.3,166.3,0.9300000071525574,-1,-1,-1
153,305,181.8,90.8,60.8,159.4,0.9300000071525574,-1,-1,-1
153,299,348.8,110.2,62.9,148.4,0.9100000262260437,-1,-1,-1
153,306,448.1,108.1,69.8,152.5,0.8700000047683716,-1,-1,-1
153,310,38.8,111.9,75.2,177.5,0.8999999761581421,-1,-1,-1
153,308,400.0,110.4,60.3,149.5,0.9100000262260437,-1,-1,-1
154,300,253.7,90.5,62.7,165.8,0.9300000071525574,-1,-1,-1
154,305,181.6,90.9,60.7,159.1,0.9300000071525574,-1,-1,-1
154,299,346.4,109.8,61.9,148.6,0.8999999761581421,-1,-1,-1
154,306,448.5,107.8,69.8,152.7,0.8799999952316284,-1,-1,-1
154,310,43.6,111.2,74.6,177.3,0.9100000262260437,-1,-1,-1
154,308,399.7,110.3,60.2,149.7,0.9100000262260437,-1,-1,-1
155,300,253.4,90.6,62.4,166.0,0.9300000071525574,-1,-1,-1
155,305,181.7,90.6,60.8,159.2,0.9300000071525574,-1,-1,-1
155,299,345.0,109.7,61.2,148.9,0.8899999856948853,-1,-1,-1
155,306,446.9,107.5,69.6,153.2,0.8700000047683716,-1,-1,-1
155,310,50.1,110.2,73.9,178.0,0.8899999856948853,-1,-1,-1
155,308,400.1,110.3,59.9,149.6,0.9100000262260437,-1,-1,-1
156,300,253.4,91.1,61.9,165.7,0.9300000071525574,-1,-1,-1
156,305,181.8,90.6,60.8,159.3,0.9300000071525574,-1,-1,-1
156,299,344.6,110.0,60.8,148.8,0.8999999761581421,-1,-1,-1
156,306,446.7,107.4,69.8,153.5,0.8700000047683716,-1,-1,-1
156,310,57.7,109.3,72.7,178.7,0.8999999761581421,-1,-1,-1
156,308,400.0,110.3,59.6,149.3,0.9100000262260437,-1,-1,-1
157,300,253.2,91.4,61.5,165.6,0.9300000071525574,-1,-1,-1
157,305,181.8,90.6,60.8,159.3,0.9300000071525574,-1,-1,-1
157,299,342.1,110.6,59.6,148.0,0.8999999761581421,-1,-1,-1
157,306,445.1,108.0,69.5,153.4,0.8700000047683716,-1,-1,-1
157,310,64.5,108.6,71.4,178.7,0.9100000262260437,-1,-1,-1
157,308,399.6,110.7,59.3,148.8,0.9100000262260437,-1,-1,-1
158,300,253.2,91.6,60.9,165.4,0.9300000071525574,-1,-1,-1
158,305,182.0,90.7,60.8,159.3,0.9300000071525574,-1,-1,-1
158,299,340.4,111.0,58.5,147.5,0.9100000262260437,-1,-1,-1
158,306,443.4,108.3,69.0,153.5,0.8899999856948853,-1,-1,-1
158,310,69.9,108.3,70.5,179.3,0.9100000262260437,-1,-1,-1
158,308,399.3,111.2,58.9,148.2,0.9100000262260437,-1,-1,-1
159,300,253.4,92.1,60.2,164.5,0.9300000071525574,-1,-1,-1
159,305,182.2,90.6,60.8,159.3,0.9399999976158142,-1,-1,-1
159,299,339.2,111.2,57.6,147.3,0.9200000166893005,-1,-1,-1
159,306,441.8,108.9,68.6,153.8,0.8999999761581421,-1,-1,-1
159,310,76.4,108.9,69.4,178.0,0.9200000166893005,-1,-1,-1
159,308,398.5,111.7,58.4,147.6,0.9200000166893005,-1,-1,-1
160,300,253.8,92.1,59.7,164.4,0.9300000071525574,-1,-1,-1
160,305,182.3,90.5,60.7,159.3,0.9399999976158142,-1,-1,-1
160,299,338.0,112.1,56.7,146.4,0.9300000071525574,-1,-1,-1
160,306,440.9,109.9,68.1,153.3,0.8999999761581421,-1,-1,-1
160,310,83.0,109.4,69.5,177.3,0.9300000071525574,-1,-1,-1
160,308,397.8,112.3,58.2,147.4,0.9200000166893005,-1,-1,-1
161,300,253.9,91.6,59.3,164.7,0.9300000071525574,-1,-1,-1
161,305,182.4,90.6,60.7,159.3,0.9399999976158142,-1,-1,-1
161,299,336.9,113.2,55.8,145.3,0.9200000166893005,-1,-1,-1
161,306,439.9,110.1,68.1,153.5,0.8999999761581421,-1,-1,-1
161,310,89.2,110.9,70.2,175.6,0.9399999976158142,-1,-1,-1
161,308,397.3,113.1,57.8,147.1,0.9100000262260437,-1,-1,-1
162,300,254.1,90.8,59.0,165.3,0.9300000071525574,-1,-1,-1
162,305,182.7,90.7,60.5,159.0,0.9399999976158142,-1,-1,-1
162,299,335.8,113.8,55.0,144.3,0.9200000166893005,-1,-1,-1
162,306,438.9,110.0,68.2,153.6,0.8999999761581421,-1,-1,-1
162,310,93.7,112.6,71.4,173.8,0.9399999976158142,-1,-1,-1
162,308,396.8,113.7,57.6,147.4,0.9200000166893005,-1,-1,-1
163,300,254.4,90.0,58.7,165.7,0.9300000071525574,-1,-1,-1
163,305,182.7,90.8,60.4,158.8,0.9300000071525574,-1,-1,-1
163,299,334.8,114.3,54.6,143.7,0.9300000071525574,-1,-1,-1
163,306,436.8,109.3,68.9,154.5,0.8899999856948853,-1,-1,-1
163,310,95.9,113.3,73.2,173.0,0.9399999976158142,-1,-1,-1
163,308,395.9,113.6,57.6,148.1,0.9100000262260437,-1,-1,-1
164,300,255.0,89.5,58.3,165.8,0.9300000071525574,-1,-1,-1
164,305,182.7,90.4,60.5,159.3,0.9300000071525574,-1,-1,-1
164,299,333.5,114.2,54.3,143.3,0.9200000166893005,-1,-1,-1
164,306,434.1,108.5,69.6,155.3,0.8899999856948853,-1,-1,-1
164,310,97.0,113.9,74.7,171.6,0.9399999976158142,-1,-1,-1
164,308,395.1,113.4,57.6,148.4,0.9100000262260437,-1,-1,-1
165,300,255.0,88.8,57.9,165.7,0.9300000071525574,-1,-1,-1
165,305,182.7,90.0,60.5,159.5,0.9300000071525574,-1,-1,-1
165,299,331.8,113.3,54.4,144.0,0.9200000166893005,-1,-1,-1
165,306,431.4,107.3,70.1,156.5,0.8999999761581421,-1,-1,-1
165,310,97.5,114.0,76.3,171.0,0.9399999976158142,-1,-1,-1
165,308,393.7,112.3,58.2,149.8,0.9100000262260437,-1,-1,-1
166,300,255.4,87.9,57.5,165.6,0.9300000071525574,-1,-1,-1
166,305,182.8,90.1,60.3,159.4,0.9300000071525574,-1,-1,-1
166,299,330.8,112.5,54.6,144.5,0.9100000262260437,-1,-1,-1
166,306,429.1,106.5,70.3,157.6,0.8999999761581421,-1,-1,-1
166,310,97.9,113.6,77.5,170.4,0.9399999976158142,-1,-1,-1
166,308,392.0,111.8,58.2,150.1,0.9100000262260437,-1,-1,-1
167,300,255.6,87.3,57.2,165.6,0.9300000071525574,-1,-1,-1
167,305,183.1,90.3,60.2,159.3,0.9300000071525574,-1,-1,-1
167,299,329.5,111.9,54.6,144.9,0.8999999761581421,-1,-1,-1
167,306,427.6,105.4,71.0,159.1,0.8999999761581421,-1,-1,-1
167,310,98.5,112.3,78.9,171.4,0.9200000166893005,-1,-1,-1
167,308,389.6,110.8,58.5,151.1,0.9100000262260437,-1,-1,-1
168,300,255.5,86.5,56.9,165.8,0.9300000071525574,-1,-1,-1
168,305,183.2,90.3,60.2,159.5,0.9300000071525574,-1,-1,-1
168,299,326.5,110.9,54.6,144.0,0.8999999761581421,-1,-1,-1
168,306,426.2,104.9,71.2,159.6,0.8899999856948853,-1,-1,-1
168,310,100.9,110.6,79.7,172.2,0.9200000166893005,-1,-1,-1
168,308,387.0,109.6,58.8,152.6,0.9100000262260437,-1,-1,-1
169,300,255.5,86.0,56.6,165.9,0.9300000071525574,-1,-1,-1
169,305,183.2,90.3,60.1,159.6,0.9300000071525574,-1,-1,-1
169,299,326.1,110.0,54.5,143.5,0.9100000262260437,-1,-1,-1
169,306,425.3,105.1,71.2,159.8,0.8999999761581421,-1,-1,-1
169,310,104.8,108.8,80.5,173.9,0.9100000262260437,-1,-1,-1
169,308,384.8,108.2,59.0,153.8,0.9100000262260437,-1,-1,-1
170,300,255.4,85.7,56.5,166.1,0.9300000071525574,-1,-1,-1
170,305,183.2,90.2,60.1,159.8,0.9300000071525574,-1,-1,-1
170,299,325.5,109.0,54.6,143.8,0.9100000262260437,-1,-1,-1
170,306,423.9,105.2,71.4,160.4,0.8999999761581421,-1,-1,-1
170,310,107.9,107.0,80.6,174.9,0.9100000262260437,-1,-1,-1
170,308,382.5,108.4,58.9,154.0,0.8999999761581421,-1,-1,-1
171,300,255.1,85.6,56.3,166.2,0.9300000071525574,-1,-1,-1
171,305,183.4,90.3,59.9,159.5,0.9300000071525574,-1,-1,-1
171,299,324.5,108.3,54.8,144.5,0.9100000262260437,-1,-1,-1
171,306,422.1,105.5,71.6,160.9,0.8999999761581421,-1,-1,-1
171,310,113.8,105.7,79.8,175.7,0.8999999761581421,-1,-1,-1
171,308,380.5,108.4,58.8,154.3,0.8999999761581421,-1,-1,-1
172,300,254.3,85.5,56.5,166.9,0.9300000071525574,-1,-1,-1
172,305,183.4,89.9,60.0,160.0,0.9300000071525574,-1,-1,-1
172,299,323.8,108.0,54.9,144.5,0.9100000262260437,-1,-1,-1
172,306,420.8,106.2,71.6,159.5,0.8999999761581421,-1,-1,-1
172,310,120.2,105.3,78.4,176.1,0.8899999856948853,-1,-1,-1
172,308,377.9,108.5,58.6,154.4,0.9100000262260437,-1,-1,-1
173,300,253.4,85.5,56.6,166.9,0.9300000071525574,-1,-1,-1
173,305,183.7,90.0,59.8,159.7,0.9300000071525574,-1,-1,-1
173,299,322.5,107.9,55.0,144.5,0.9200000166893005,-1,-1,-1
173,306,419.6,107.4,71.5,158.4,0.8899999856948853,-1,-1,-1
173,310,125.4,104.7,76.0,175.4,0.8799999952316284,-1,-1,-1
173,308,376.1,109.2,58.3,153.7,0.8999999761581421,-1,-1,-1
174,300,252.7,85.6,56.5,166.7,0.9300000071525574,-1,-1,-1
174,305,183.9,90.5,59.5,158.9,0.9300000071525574,-1,-1,-1
174,299,321.6,107.6,55.1,144.7,0.9200000166893005,-1,-1,-1
174,306,419.1,107.9,71.7,159.5,0.8999999761581421,-1,-1,-1
174,310,130.8,105.4,73.7,174.4,0.8799999952316284,-1,-1,-1
174,308,374.3,110.2,58.2,152.9,0.8999999761581421,-1,-1,-1
175,300,251.7,85.3,56.5,166.8,0.9300000071525574,-1,-1,-1
175,305,184.5,90.8,59.3,158.9,0.9300000071525574,-1,-1,-1
175,299,320.6,107.3,55.2,144.6,0.9200000166893005,-1,-1,-1
175,306,418.5,108.3,71.8,160.0,0.8999999761581421,-1,-1,-1
175,310,135.4,105.2,72.1,174.3,0.8999999761581421,-1,-1,-1
175,308,372.2,110.8,58.4,152.8,0.8999999761581421,-1,-1,-1
176,300,251.4,85.4,56.5,166.8,0.9300000071525574,-1,-1,-1
176,305,184.6,90.8,59.1,158.8,0.9300000071525574,-1,-1,-1
176,299,319.2,107.3,55.3,144.8,0.9200000166893005,-1,-1,-1
176,306,418.3,108.2,72.0,160.5,0.8899999856948853,-1,-1,-1
176,310,139.2,105.7,70.7,174.1,0.9100000262260437,-1,-1,-1
176,308,370.1,111.5,58.7,152.2,0.8999999761581421,-1,-1,-1
177,300,251.0,85.6,56.3,166.8,0.9200000166893005,-1,-1,-1
177,305,185.2,90.9,59.0,159.1,0.9200000166893005,-1,-1,-1
177,299,317.0,107.3,55.6,144.9,0.9300000071525574,-1,-1,-1
177,306,416.9,108.0,71.5,160.6,0.9100000262260437,-1,-1,-1
177,310,143.7,107.3,69.3,171.9,0.8999999761581421,-1,-1,-1
177,308,367.5,112.0,59.4,152.4,0.9200000166893005,-1,-1,-1
178,300,250.5,85.8,56.1,166.6,0.9200000166893005,-1,-1,-1
178,305,186.6,91.0,58.6,159.4,0.9200000166893005,-1,-1,-1
178,299,315.4,107.6,55.7,144.3,0.9200000166893005,-1,-1,-1
178,306,415.7,106.7,72.0,162.4,0.8999999761581421,-1,-1,-1
178,310,147.6,108.0,69.0,170.4,0.9200000166893005,-1,-1,-1
178,308,364.7,111.8,60.3,153.0,0.9200000166893005,-1,-1,-1
179,300,250.7,86.5,55.8,165.8,0.9200000166893005,-1,-1,-1
179,305,186.7,90.8,58.4,159.9,0.9100000262260437,-1,-1,-1
179,299,314.5,107.6,55.8,144.1,0.9200000166893005,-1,-1,-1
179,306,414.3,105.7,72.1,163.1,0.8899999856948853,-1,-1,-1
179,310,149.6,109.9,68.9,167.9,0.9300000071525574,-1,-1,-1
179,308,361.4,111.6,61.2,153.6,0.9100000262260437,-1,-1,-1
