1,1,379.5,153.2,119.0,207.0,0.9399999976158142,-1,-1,-1
1,2,448.8,142.6,104.5,193.8,0.9200000166893005,-1,-1,-1
1,3,481.5,143.5,22.9,59.7,0.8399999737739563,-1,-1,-1
1,4,544.0,145.7,18.7,47.8,0.7300000190734863,-1,-1,-1
2,1,386.3,153.6,119.2,207.7,0.9399999976158142,-1,-1,-1
2,2,463.5,141.7,103.9,193.8,0.9300000071525574,-1,-1,-1
2,3,482.9,144.6,23.2,60.3,0.8500000238418579,-1,-1,-1
2,4,543.8,145.1,19.1,48.7,0.5899999737739563,-1,-1,-1
3,1,397.2,152.7,118.5,208.2,0.9399999976158142,-1,-1,-1
3,2,482.5,140.0,103.9,195.8,0.9399999976158142,-1,-1,-1
3,3,484.5,145.6,22.4,58.2,0.8299999833106995,-1,-1,-1
3,4,544.4,145.1,18.6,47.6,0.3199999928474426,-1,-1,-1
4,1,414.5,149.7,119.4,213.7,0.9300000071525574,-1,-1,-1
4,2,496.7,141.1,105.7,201.6,0.949999988079071,-1,-1,-1
4,3,488.3,146.5,18.8,49.0,0.5400000214576721,-1,-1,-1
5,1,429.4,149.2,120.4,217.8,0.9200000166893005,-1,-1,-1
5,2,510.0,143.8,103.9,199.8,0.9399999976158142,-1,-1,-1
6,1,443.7,151.2,119.4,217.3,0.8999999761581421,-1,-1,-1
6,2,515.6,145.8,105.4,203.7,0.9200000166893005,-1,-1,-1
6,5,522.0,140.4,18.9,56.2,0.699999988079071,-1,-1,-1
7,1,452.5,154.3,119.3,219.4,0.9100000262260437,-1,-1,-1
7,2,523.5,145.5,105.5,206.6,0.9200000166893005,-1,-1,-1
7,5,521.3,139.4,18.7,55.5,0.699999988079071,-1,-1,-1
7,4,541.3,144.2,19.3,49.8,0.699999988079071,-1,-1,-1
7,3,490.0,143.5,20.5,53.2,0.7300000190734863,-1,-1,-1
8,1,467.4,154.9,119.2,222.3,0.9300000071525574,-1,-1,-1
8,2,537.2,143.9,103.7,208.7,0.9200000166893005,-1,-1,-1
8,5,521.1,138.0,18.6,55.1,0.6899999976158142,-1,-1,-1
8,4,541.4,144.4,19.3,49.9,0.49000000953674316,-1,-1,-1
8,3,491.1,144.7,22.4,58.4,0.8199999928474426,-1,-1,-1
9,1,483.5,154.7,115.8,222.9,0.9200000166893005,-1,-1,-1
9,2,553.7,142.1,101.6,210.8,0.9300000071525574,-1,-1,-1
9,5,520.4,137.6,18.5,54.6,0.7300000190734863,-1,-1,-1
9,3,492.5,145.4,23.2,60.6,0.8799999952316284,-1,-1,-1
10,1,501.2,152.3,112.6,222.5,0.9300000071525574,-1,-1,-1
10,2,568.5,142.3,101.5,211.8,0.9399999976158142,-1,-1,-1
10,5,518.6,138.1,19.8,58.1,0.800000011920929,-1,-1,-1
10,3,493.7,144.3,23.9,62.9,0.8600000143051147,-1,-1,-1
10,6,222.3,143.1,71.7,175.1,0.8700000047683716,-1,-1,-1
11,1,522.9,152.9,112.9,222.7,0.9399999976158142,-1,-1,-1
11,2,582.4,143.7,102.9,212.7,0.9300000071525574,-1,-1,-1
11,5,517.1,138.1,20.3,59.4,0.8399999737739563,-1,-1,-1
11,3,493.6,143.1,24.7,64.7,0.8700000047683716,-1,-1,-1
11,6,229.5,141.5,72.1,176.1,0.8899999856948853,-1,-1,-1
11,4,541.5,145.0,21.3,54.4,0.699999988079071,-1,-1,-1
12,1,532.8,155.1,115.3,226.0,0.9300000071525574,-1,-1,-1
12,2,590.1,145.5,104.6,215.4,0.9599999785423279,-1,-1,-1
12,5,516.0,138.2,20.5,59.7,0.8399999737739563,-1,-1,-1
12,3,495.9,142.9,24.5,64.6,0.8700000047683716,-1,-1,-1
12,6,240.2,139.2,73.7,180.4,0.8799999952316284,-1,-1,-1
12,4,541.1,144.8,20.8,52.3,0.7900000214576721,-1,-1,-1
13,1,539.9,154.9,115.8,228.0,0.9300000071525574,-1,-1,-1
13,2,597.4,145.2,105.4,218.7,0.949999988079071,-1,-1,-1
13,5,515.6,137.6,20.7,60.5,0.8399999737739563,-1,-1,-1
13,3,498.2,144.3,23.8,63.1,0.8700000047683716,-1,-1,-1
13,6,251.5,139.6,74.2,182.0,0.8899999856948853,-1,-1,-1
13,4,540.7,144.6,21.2,53.6,0.8100000023841858,-1,-1,-1
14,1,552.6,152.5,114.5,231.6,0.9100000262260437,-1,-1,-1
14,2,608.9,143.2,104.3,221.7,0.9200000166893005,-1,-1,-1
14,5,514.6,137.3,20.9,61.1,0.8299999833106995,-1,-1,-1
14,3,499.8,144.5,24.2,64.2,0.8799999952316284,-1,-1,-1
14,6,265.6,142.5,73.9,180.4,0.9100000262260437,-1,-1,-1
14,4,541.3,144.6,21.4,54.1,0.8100000023841858,-1,-1,-1
14,7,223.6,127.8,63.2,199.8,0.8100000023841858,-1,-1,-1
15,1,571.1,149.7,110.3,231.2,0.9300000071525574,-1,-1,-1
15,2,629.2,142.6,102.9,224.6,0.9399999976158142,-1,-1,-1
15,5,514.4,137.7,20.6,60.4,0.7699999809265137,-1,-1,-1
15,3,501.8,144.2,24.2,64.3,0.8500000238418579,-1,-1,-1
15,6,274.9,143.9,74.8,181.5,0.9100000262260437,-1,-1,-1
15,4,540.4,145.2,21.5,54.3,0.800000011920929,-1,-1,-1
15,7,235.7,129.9,64.4,202.4,0.8799999952316284,-1,-1,-1
15,8,570.5,147.3,19.3,51.9,0.7799999713897705,-1,-1,-1
16,1,582.6,149.4,111.6,235.5,0.9300000071525574,-1,-1,-1
16,2,645.2,143.5,103.4,229.5,0.9300000071525574,-1,-1,-1
16,5,514.9,138.6,19.8,58.1,0.7400000095367432,-1,-1,-1
16,3,503.7,143.5,24.6,65.5,0.8799999952316284,-1,-1,-1
16,6,285.9,143.1,75.6,182.7,0.9100000262260437,-1,-1,-1
16,4,539.4,145.0,21.8,54.6,0.800000011920929,-1,-1,-1
16,7,241.2,130.0,65.6,204.5,0.8999999761581421,-1,-1,-1
16,8,569.9,148.4,19.1,51.2,0.6100000143051147,-1,-1,-1
17,1,592.6,150.9,114.0,238.6,0.9200000166893005,-1,-1,-1
17,2,658.0,144.5,104.9,232.3,0.9100000262260437,-1,-1,-1
17,5,515.4,138.6,19.7,57.7,0.7400000095367432,-1,-1,-1
17,3,505.7,143.7,24.9,66.7,0.8899999856948853,-1,-1,-1
17,6,301.5,141.6,75.2,183.6,0.9100000262260437,-1,-1,-1
17,4,539.5,144.7,22.1,55.1,0.8600000143051147,-1,-1,-1
17,7,246.0,129.6,66.3,205.5,0.8899999856948853,-1,-1,-1
17,8,570.2,148.0,19.5,52.3,0.75,-1,-1,-1
18,1,602.1,152.5,114.8,237.0,0.9399999976158142,-1,-1,-1
18,2,663.6,145.1,106.0,235.2,0.9100000262260437,-1,-1,-1
18,5,517.3,138.2,17.9,52.5,0.5400000214576721,-1,-1,-1
18,3,507.3,144.6,24.9,66.8,0.8899999856948853,-1,-1,-1
18,6,319.6,140.8,75.6,184.2,0.9399999976158142,-1,-1,-1
18,4,540.1,144.8,22.3,55.5,0.8600000143051147,-1,-1,-1
18,7,251.0,128.9,66.8,206.9,0.8999999761581421,-1,-1,-1
18,8,571.0,148.0,19.5,52.3,0.800000011920929,-1,-1,-1
19,1,615.0,152.5,115.0,240.2,0.9300000071525574,-1,-1,-1
19,2,676.4,143.6,104.8,237.2,0.9100000262260437,-1,-1,-1
19,5,517.8,138.3,17.8,52.3,0.5,-1,-1,-1
19,3,509.4,145.7,24.6,65.9,0.8899999856948853,-1,-1,-1
19,6,334.4,142.9,76.9,182.5,0.949999988079071,-1,-1,-1
19,4,540.7,145.7,22.1,54.6,0.8299999833106995,-1,-1,-1
19,7,257.9,127.9,68.3,211.3,0.8899999856948853,-1,-1,-1
19,8,571.1,147.9,19.7,52.8,0.800000011920929,-1,-1,-1
20,1,639.5,150.4,113.9,242.7,0.8999999761581421,-1,-1,-1
20,2,692.5,141.2,103.2,241.3,0.8899999856948853,-1,-1,-1
20,5,519.1,138.7,16.7,48.8,0.3799999952316284,-1,-1,-1
20,3,511.0,144.9,25.0,66.9,0.8899999856948853,-1,-1,-1
20,6,340.1,144.1,79.4,182.6,0.949999988079071,-1,-1,-1
20,4,540.9,145.4,22.7,55.4,0.8500000238418579,-1,-1,-1
20,7,272.8,128.7,70.3,216.0,0.8999999761581421,-1,-1,-1
20,8,571.4,148.3,19.8,52.8,0.8199999928474426,-1,-1,-1
20,9,485.0,142.5,18.6,41.5,0.7900000214576721,-1,-1,-1
20,10,1105.1,146.4,128.2,293.8,0.8399999737739563,-1,-1,-1
20,11,455.7,142.0,24.8,49.6,0.75,-1,-1,-1
21,1,656.3,147.7,115.1,251.1,0.8799999952316284,-1,-1,-1
21,2,710.2,139.8,102.0,243.4,0.8999999761581421,-1,-1,-1
21,3,512.2,143.9,25.6,68.1,0.8700000047683716,-1,-1,-1
21,6,348.2,143.9,80.8,184.0,0.9300000071525574,-1,-1,-1
21,4,541.0,144.1,23.4,56.8,0.8299999833106995,-1,-1,-1
21,7,282.7,131.1,70.9,215.3,0.9100000262260437,-1,-1,-1
21,8,572.9,148.1,20.1,53.4,0.8199999928474426,-1,-1,-1
21,9,484.2,142.5,18.9,42.3,0.6899999976158142,-1,-1,-1
21,10,1066.1,143.0,127.8,294.6,0.8799999952316284,-1,-1,-1
21,11,452.7,142.0,24.5,49.0,0.6899999976158142,-1,-1,-1
22,1,674.7,148.2,118.2,258.1,0.9100000262260437,-1,-1,-1
22,2,726.2,140.5,103.3,245.2,0.8999999761581421,-1,-1,-1
22,3,514.0,144.3,25.8,68.0,0.8700000047683716,-1,-1,-1
22,6,363.9,142.1,80.1,185.9,0.8999999761581421,-1,-1,-1
22,4,541.4,144.9,23.0,55.8,0.8500000238418579,-1,-1,-1
22,7,289.7,130.3,71.5,216.8,0.9100000262260437,-1,-1,-1
22,8,574.1,147.5,20.5,54.3,0.8199999928474426,-1,-1,-1
22,9,483.7,142.8,18.8,42.2,0.6200000047683716,-1,-1,-1
22,10,1025.4,146.1,123.7,283.8,0.8799999952316284,-1,-1,-1
22,11,448.3,142.3,24.8,49.5,0.8100000023841858,-1,-1,-1
23,1,684.9,150.6,120.1,260.2,0.9100000262260437,-1,-1,-1
23,2,738.9,142.6,104.7,243.1,0.9100000262260437,-1,-1,-1
23,3,516.1,145.6,25.7,67.5,0.8799999952316284,-1,-1,-1
23,6,380.8,141.5,80.3,189.7,0.8899999856948853,-1,-1,-1
23,4,542.2,145.3,22.6,55.5,0.8399999737739563,-1,-1,-1
23,7,298.3,128.6,71.9,219.3,0.8899999856948853,-1,-1,-1
23,8,575.0,147.3,20.9,54.5,0.8500000238418579,-1,-1,-1
23,9,483.2,143.0,18.8,42.3,0.699999988079071,-1,-1,-1
23,10,996.1,151.6,118.1,267.0,0.8899999856948853,-1,-1,-1
23,11,442.7,141.9,26.3,52.4,0.7699999809265137,-1,-1,-1
24,1,692.7,149.2,121.3,260.9,0.9100000262260437,-1,-1,-1
24,2,746.6,142.8,108.0,246.2,0.9200000166893005,-1,-1,-1
24,3,517.2,145.8,25.9,68.1,0.8700000047683716,-1,-1,-1
24,6,397.2,143.0,80.1,188.3,0.9200000166893005,-1,-1,-1
24,4,542.7,145.7,22.0,54.4,0.8199999928474426,-1,-1,-1
24,7,310.3,127.6,72.5,221.0,0.8999999761581421,-1,-1,-1
24,8,575.7,147.9,21.3,54.7,0.8399999737739563,-1,-1,-1
24,9,481.9,143.0,18.6,42.2,0.6899999976158142,-1,-1,-1
24,10,967.0,152.6,115.3,257.2,0.8999999761581421,-1,-1,-1
24,11,436.5,141.9,27.7,55.0,0.6899999976158142,-1,-1,-1
25,1,708.3,147.5,117.7,257.7,0.8899999856948853,-1,-1,-1
25,2,762.5,141.6,108.5,250.8,0.8799999952316284,-1,-1,-1
25,3,518.3,145.6,26.2,68.6,0.8399999737739563,-1,-1,-1
25,6,407.2,145.9,81.2,188.4,0.9300000071525574,-1,-1,-1
25,4,542.5,145.7,22.2,54.9,0.8399999737739563,-1,-1,-1
25,7,324.6,126.7,73.5,222.2,0.9300000071525574,-1,-1,-1
25,8,576.2,148.1,21.5,54.5,0.8700000047683716,-1,-1,-1
25,9,480.5,142.6,18.9,43.2,0.7099999785423279,-1,-1,-1
25,10,936.2,149.1,114.3,256.7,0.8899999856948853,-1,-1,-1
26,1,732.9,143.8,118.2,265.0,0.8899999856948853,-1,-1,-1
26,2,781.8,140.0,107.5,251.9,0.8999999761581421,-1,-1,-1
26,3,519.9,144.2,26.8,70.4,0.8700000047683716,-1,-1,-1
26,6,417.9,145.6,82.6,190.6,0.9300000071525574,-1,-1,-1
26,4,542.5,145.3,22.5,55.8,0.8299999833106995,-1,-1,-1
26,7,339.2,128.9,75.3,218.9,0.9300000071525574,-1,-1,-1
26,8,576.4,148.6,21.5,53.9,0.8600000143051147,-1,-1,-1
26,9,479.0,142.4,18.5,42.5,0.6899999976158142,-1,-1,-1
26,10,911.6,148.5,110.3,249.9,0.8999999761581421,-1,-1,-1
26,11,423.6,142.3,28.0,55.6,0.7599999904632568,-1,-1,-1
27,1,739.3,143.1,118.4,271.1,0.8799999952316284,-1,-1,-1
27,2,805.7,139.2,109.2,258.7,0.8799999952316284,-1,-1,-1
27,3,522.5,145.1,26.6,70.4,0.8700000047683716,-1,-1,-1
27,6,433.9,144.0,81.9,192.5,0.9300000071525574,-1,-1,-1
27,4,543.1,144.9,23.2,57.6,0.8100000023841858,-1,-1,-1
27,7,345.8,130.3,78.4,220.9,0.9399999976158142,-1,-1,-1
27,8,577.2,148.6,21.7,54.2,0.8299999833106995,-1,-1,-1
27,9,478.5,142.7,18.4,42.7,0.3400000035762787,-1,-1,-1
27,10,883.5,152.5,108.0,238.3,0.9200000166893005,-1,-1,-1
27,11,417.1,141.9,29.6,58.4,0.6000000238418579,-1,-1,-1
28,1,749.0,145.0,118.9,272.5,0.8700000047683716,-1,-1,-1
28,2,827.1,141.5,106.5,248.9,0.8299999833106995,-1,-1,-1
28,3,524.2,145.8,26.7,70.9,0.8600000143051147,-1,-1,-1
28,6,448.5,142.7,80.8,194.0,0.9300000071525574,-1,-1,-1
28,4,543.0,145.7,22.8,57.5,0.7799999713897705,-1,-1,-1
28,7,354.4,130.4,80.1,222.6,0.9200000166893005,-1,-1,-1
28,8,578.6,148.9,21.9,54.5,0.7799999713897705,-1,-1,-1
28,9,479.3,142.4,17.6,41.5,0.10000000149011612,-1,-1,-1
28,10,867.5,156.7,106.1,226.6,0.8999999761581421,-1,-1,-1
29,1,773.8,148.1,123.3,273.5,0.8299999833106995,-1,-1,-1
29,2,849.1,143.0,107.1,248.9,0.8799999952316284,-1,-1,-1
29,3,526.1,145.4,27.0,71.7,0.8799999952316284,-1,-1,-1
29,6,467.4,144.4,82.3,193.7,0.949999988079071,-1,-1,-1
29,4,544.1,145.9,23.3,58.9,0.7900000214576721,-1,-1,-1
29,7,365.9,128.1,80.4,226.8,0.8999999761581421,-1,-1,-1
29,8,579.6,149.0,21.9,55.1,0.7400000095367432,-1,-1,-1
29,9,477.3,142.8,17.5,41.4,0.14000000059604645,-1,-1,-1
29,10,833.5,155.0,99.6,215.5,0.2800000011920929,-1,-1,-1
29,5,522.7,135.1,21.9,64.3,0.6100000143051147,-1,-1,-1
30,1,792.8,147.7,125.8,279.2,0.8199999928474426,-1,-1,-1
30,2,862.7,142.6,111.2,256.0,0.8799999952316284,-1,-1,-1
30,3,528.2,144.9,27.1,72.3,0.8700000047683716,-1,-1,-1
30,6,476.4,145.8,85.1,196.0,0.9599999785423279,-1,-1,-1
30,4,543.9,146.0,23.0,59.0,0.7200000286102295,-1,-1,-1
30,7,374.8,127.8,81.7,232.5,0.8899999856948853,-1,-1,-1
30,8,581.2,148.2,22.4,56.7,0.8100000023841858,-1,-1,-1
30,9,475.1,143.0,18.0,42.6,0.7200000286102295,-1,-1,-1
30,5,522.0,134.6,23.8,70.7,0.7200000286102295,-1,-1,-1
30,11,394.3,142.7,30.5,61.0,0.6899999976158142,-1,-1,-1
31,1,815.6,145.4,127.8,290.1,0.8600000143051147,-1,-1,-1
31,2,878.4,141.6,113.9,263.3,0.8799999952316284,-1,-1,-1
31,3,530.8,143.9,27.1,72.9,0.8500000238418579,-1,-1,-1
31,6,483.1,146.3,87.0,198.6,0.949999988079071,-1,-1,-1
31,4,543.7,145.8,22.4,58.6,0.75,-1,-1,-1
31,7,389.4,128.5,83.2,232.1,0.8700000047683716,-1,-1,-1
31,8,582.8,148.1,22.7,57.4,0.8500000238418579,-1,-1,-1
31,9,473.4,142.6,18.4,43.4,0.7900000214576721,-1,-1,-1
31,5,522.5,136.1,23.0,68.9,0.30000001192092896,-1,-1,-1
31,11,387.6,142.4,32.7,65.1,0.6000000238418579,-1,-1,-1
31,10,785.7,157.3,95.7,205.9,0.8500000238418579,-1,-1,-1
32,1,839.0,142.7,130.4,297.4,0.8500000238418579,-1,-1,-1
32,2,893.4,138.6,114.7,268.5,0.8700000047683716,-1,-1,-1
32,6,495.4,144.9,86.2,200.9,0.9200000166893005,-1,-1,-1
32,4,547.2,142.2,19.2,49.7,0.33000001311302185,-1,-1,-1
32,7,399.7,130.6,85.9,234.4,0.9300000071525574,-1,-1,-1
32,8,583.0,148.1,23.0,57.7,0.8399999737739563,-1,-1,-1
32,9,472.2,142.7,18.2,43.0,0.7699999809265137,-1,-1,-1
32,11,381.9,143.0,30.9,60.9,0.6499999761581421,-1,-1,-1
32,10,766.8,159.1,99.4,208.4,0.8799999952316284,-1,-1,-1
33,1,862.6,144.5,137.7,311.0,0.8700000047683716,-1,-1,-1
33,2,914.9,135.5,116.6,277.5,0.8500000238418579,-1,-1,-1
33,6,511.8,143.4,86.4,207.0,0.9399999976158142,-1,-1,-1
33,7,408.6,131.9,87.5,237.5,0.9300000071525574,-1,-1,-1
33,8,584.4,148.0,23.1,57.8,0.8399999737739563,-1,-1,-1
33,9,469.4,139.4,19.4,46.7,0.12999999523162842,-1,-1,-1
33,11,373.2,143.1,32.5,64.2,0.6800000071525574,-1,-1,-1
33,10,746.1,158.2,98.4,204.9,0.9399999976158142,-1,-1,-1
33,5,523.6,136.1,20.9,61.3,0.7599999904632568,-1,-1,-1
34,1,874.7,146.9,140.5,314.2,0.8299999833106995,-1,-1,-1
34,2,929.3,136.3,119.6,281.8,0.8199999928474426,-1,-1,-1
34,6,531.2,145.5,86.2,207.4,0.949999988079071,-1,-1,-1
34,7,421.0,131.4,87.6,239.6,0.9200000166893005,-1,-1,-1
34,8,585.6,148.1,23.6,58.6,0.8700000047683716,-1,-1,-1
34,11,365.0,143.2,32.7,64.9,0.5400000214576721,-1,-1,-1
34,10,722.8,155.7,94.6,203.4,0.9200000166893005,-1,-1,-1
34,5,523.3,135.3,23.2,68.6,0.8199999928474426,-1,-1,-1
34,3,538.1,144.8,24.5,65.3,0.699999988079071,-1,-1,-1
35,1,896.8,147.4,140.0,319.2,0.8100000023841858,-1,-1,-1
35,2,955.0,139.1,119.9,279.4,0.800000011920929,-1,-1,-1
35,6,543.5,148.7,88.0,209.4,0.949999988079071,-1,-1,-1
35,7,439.2,128.6,88.2,243.2,0.9200000166893005,-1,-1,-1
35,8,586.5,148.1,24.3,60.9,0.7900000214576721,-1,-1,-1
35,11,357.5,143.5,30.6,61.0,0.5400000214576721,-1,-1,-1
35,10,702.4,156.6,93.6,200.0,0.949999988079071,-1,-1,-1
35,5,524.1,135.2,24.2,71.1,0.8700000047683716,-1,-1,-1
35,3,538.1,143.1,28.0,74.5,0.8899999856948853,-1,-1,-1
36,1,922.3,145.6,135.4,316.7,0.8500000238418579,-1,-1,-1
36,2,983.5,140.4,120.6,283.4,0.8199999928474426,-1,-1,-1
36,6,554.6,150.1,90.6,213.9,0.9399999976158142,-1,-1,-1
36,7,458.9,128.8,89.4,243.5,0.9399999976158142,-1,-1,-1
36,8,588.4,147.4,23.1,58.3,0.23999999463558197,-1,-1,-1
36,11,347.9,143.2,32.6,64.6,0.6100000143051147,-1,-1,-1
36,10,683.9,160.1,94.6,195.6,0.9599999785423279,-1,-1,-1
36,5,523.4,135.5,24.5,72.2,0.8600000143051147,-1,-1,-1
36,3,539.8,142.4,29.2,77.5,0.8999999761581421,-1,-1,-1
36,9,467.3,142.3,17.9,42.2,0.6000000238418579,-1,-1,-1
37,1,948.9,142.1,138.6,330.0,0.8399999737739563,-1,-1,-1
37,2,1004.5,137.9,122.6,291.1,0.800000011920929,-1,-1,-1
37,6,572.0,148.2,90.4,216.0,0.9399999976158142,-1,-1,-1
37,7,473.9,131.6,91.9,241.4,0.9399999976158142,-1,-1,-1
37,11,341.5,144.2,31.7,62.0,0.20000000298023224,-1,-1,-1
37,10,668.9,160.3,93.8,191.1,0.949999988079071,-1,-1,-1
37,5,522.6,136.3,24.6,72.5,0.7599999904632568,-1,-1,-1
37,3,541.4,143.0,29.8,78.6,0.8899999856948853,-1,-1,-1
37,9,464.4,142.7,18.4,43.0,0.6800000071525574,-1,-1,-1
37,4,555.7,146.3,22.1,57.3,0.7099999785423279,-1,-1,-1
38,1,969.2,141.0,142.7,347.8,0.8399999737739563,-1,-1,-1
38,2,1023.7,132.7,130.8,318.8,0.8100000023841858,-1,-1,-1
38,6,586.3,146.5,89.7,218.2,0.9399999976158142,-1,-1,-1
38,7,481.5,132.9,94.9,243.6,0.9399999976158142,-1,-1,-1
38,11,333.7,144.2,31.3,61.5,0.49000000953674316,-1,-1,-1
38,10,645.4,157.7,92.5,193.2,0.9100000262260437,-1,-1,-1
38,3,544.2,144.7,29.5,78.1,0.8500000238418579,-1,-1,-1
38,9,464.3,143.1,18.2,43.1,0.5799999833106995,-1,-1,-1
38,4,558.8,150.2,20.3,53.6,0.10999999940395355,-1,-1,-1
38,8,589.5,148.2,23.5,59.5,0.7799999713897705,-1,-1,-1
39,1,1012.5,144.1,148.2,355.4,0.8600000143051147,-1,-1,-1
39,2,1047.9,128.6,129.6,313.5,0.7300000190734863,-1,-1,-1
39,6,605.4,147.8,91.1,218.7,0.9399999976158142,-1,-1,-1
39,7,492.2,132.0,96.3,247.2,0.9399999976158142,-1,-1,-1
39,11,322.4,143.7,30.2,59.9,0.5099999904632568,-1,-1,-1
39,10,622.2,157.0,91.1,193.6,0.9100000262260437,-1,-1,-1
39,3,549.2,142.6,29.6,80.1,0.38999998569488525,-1,-1,-1
39,9,463.1,143.4,18.1,43.3,0.7699999809265137,-1,-1,-1
39,8,590.6,148.0,23.8,60.5,0.8600000143051147,-1,-1,-1
39,5,525.1,135.9,22.1,64.5,0.800000011920929,-1,-1,-1
40,1,1046.8,148.8,147.4,348.1,0.8399999737739563,-1,-1,-1
40,2,1089.7,128.7,121.7,286.9,0.7300000190734863,-1,-1,-1
40,6,615.1,148.7,95.2,222.1,0.9399999976158142,-1,-1,-1
40,7,510.6,130.0,95.6,250.1,0.9200000166893005,-1,-1,-1
40,11,314.4,143.9,30.2,61.6,0.4099999964237213,-1,-1,-1
40,9,461.3,143.7,18.0,43.1,0.7400000095367432,-1,-1,-1
40,8,591.8,147.6,24.1,61.4,0.8600000143051147,-1,-1,-1
40,12,447.7,144.5,15.3,39.4,0.6800000071525574,-1,-1,-1
40,5,525.5,135.5,22.4,65.0,0.8399999737739563,-1,-1,-1
41,1,1073.7,148.6,147.2,347.6,0.8100000023841858,-1,-1,-1
41,2,1126.5,131.3,108.5,247.1,0.6700000166893005,-1,-1,-1
41,6,622.2,147.9,98.5,227.9,0.9399999976158142,-1,-1,-1
41,7,522.5,129.3,96.9,258.1,0.8999999761581421,-1,-1,-1
41,11,304.1,144.8,27.5,56.9,0.20000000298023224,-1,-1,-1
41,9,459.5,143.9,18.2,43.3,0.75,-1,-1,-1
41,8,589.8,140.2,26.7,69.0,0.6100000143051147,-1,-1,-1
41,5,523.6,135.3,24.9,71.9,0.8899999856948853,-1,-1,-1
41,13,486.5,139.4,19.0,47.6,0.6600000262260437,-1,-1,-1
41,14,501.4,141.6,15.8,39.8,0.6399999856948853,-1,-1,-1
41,10,584.4,159.7,90.7,187.5,0.8899999856948853,-1,-1,-1
41,3,553.1,142.2,26.6,71.1,0.7900000214576721,-1,-1,-1
42,1,1096.2,145.1,156.5,373.2,0.8199999928474426,-1,-1,-1
42,6,633.1,144.9,99.5,233.9,0.9200000166893005,-1,-1,-1
42,7,535.3,132.7,97.7,256.0,0.8899999856948853,-1,-1,-1
42,11,294.7,143.9,30.3,63.3,0.15000000596046448,-1,-1,-1
42,9,458.4,143.8,18.6,44.3,0.8100000023841858,-1,-1,-1
42,5,522.9,135.6,25.7,74.0,0.8899999856948853,-1,-1,-1
42,13,478.2,143.6,17.3,43.2,0.7200000286102295,-1,-1,-1
42,10,556.3,143.2,97.4,204.4,0.7699999809265137,-1,-1,-1
42,3,554.5,143.5,26.3,68.8,0.8600000143051147,-1,-1,-1
43,1,1122.6,144.8,153.8,371.7,0.7699999809265137,-1,-1,-1
43,6,651.7,142.0,98.9,239.2,0.949999988079071,-1,-1,-1
43,7,550.4,133.1,100.2,258.0,0.8700000047683716,-1,-1,-1
43,9,457.2,143.6,18.8,44.5,0.800000011920929,-1,-1,-1
43,5,522.6,135.5,26.1,75.1,0.8899999856948853,-1,-1,-1
43,13,474.1,144.0,17.3,43.3,0.6899999976158142,-1,-1,-1
43,10,535.0,149.4,91.4,194.3,0.6700000166893005,-1,-1,-1
43,3,554.2,143.6,29.6,78.3,0.8500000238418579,-1,-1,-1
43,4,549.9,147.1,23.2,62.5,0.699999988079071,-1,-1,-1
44,6,671.6,142.5,99.8,243.6,0.949999988079071,-1,-1,-1
44,7,562.2,130.8,100.2,258.7,0.8999999761581421,-1,-1,-1
44,9,455.1,143.7,18.8,44.7,0.7400000095367432,-1,-1,-1
44,5,523.0,135.4,26.3,75.8,0.8999999761581421,-1,-1,-1
44,13,472.3,144.5,17.1,43.1,0.7400000095367432,-1,-1,-1
44,10,514.4,153.6,89.5,188.3,0.9200000166893005,-1,-1,-1
44,3,559.4,143.4,29.9,77.6,0.800000011920929,-1,-1,-1
44,16,484.5,139.7,19.3,46.9,0.7599999904632568,-1,-1,-1
44,17,424.8,144.4,19.7,45.2,0.7300000190734863,-1,-1,-1
44,8,597.8,146.6,24.8,64.0,0.7099999785423279,-1,-1,-1
45,6,685.9,144.2,102.5,245.8,0.9300000071525574,-1,-1,-1
45,7,582.5,127.0,100.1,263.4,0.8500000238418579,-1,-1,-1
45,9,453.4,143.9,18.5,44.2,0.6899999976158142,-1,-1,-1
45,5,525.4,135.2,24.1,68.9,0.7900000214576721,-1,-1,-1
45,13,472.3,144.6,16.9,42.6,0.4300000071525574,-1,-1,-1
45,10,501.6,158.3,90.1,183.5,0.9399999976158142,-1,-1,-1
45,3,560.7,142.2,32.0,83.4,0.8799999952316284,-1,-1,-1
45,16,483.3,140.2,18.7,45.6,0.6399999856948853,-1,-1,-1
45,17,419.4,144.7,20.0,45.9,0.5899999737739563,-1,-1,-1
45,8,599.0,147.9,24.5,62.8,0.8500000238418579,-1,-1,-1
45,4,550.7,144.8,25.4,70.3,0.6399999856948853,-1,-1,-1
46,6,700.0,145.8,104.2,245.0,0.9399999976158142,-1,-1,-1
46,7,605.6,124.1,100.5,268.7,0.9300000071525574,-1,-1,-1
46,9,451.1,144.1,18.6,44.5,0.7900000214576721,-1,-1,-1
46,5,525.2,135.6,24.9,71.7,0.8600000143051147,-1,-1,-1
46,13,470.9,143.9,17.0,43.1,0.6700000166893005,-1,-1,-1
46,10,487.6,156.7,90.2,184.9,0.949999988079071,-1,-1,-1
46,3,562.8,142.0,32.7,85.7,0.8899999856948853,-1,-1,-1
46,16,480.2,138.6,19.9,48.7,0.699999988079071,-1,-1,-1
46,17,413.4,144.5,20.5,47.0,0.5600000023841858,-1,-1,-1
46,8,600.4,148.3,24.7,63.0,0.8799999952316284,-1,-1,-1
46,4,551.8,144.4,24.7,68.5,0.8500000238418579,-1,-1,-1
47,6,715.0,144.5,106.3,249.1,0.9399999976158142,-1,-1,-1
47,7,623.2,122.3,102.6,273.9,0.9100000262260437,-1,-1,-1
47,9,449.5,144.8,18.3,43.7,0.7400000095367432,-1,-1,-1
47,5,525.9,136.1,25.9,75.0,0.8999999761581421,-1,-1,-1
47,13,468.8,143.3,17.3,44.0,0.5899999737739563,-1,-1,-1
47,10,467.2,154.6,86.5,186.1,0.8999999761581421,-1,-1,-1
47,3,565.2,143.8,32.4,85.2,0.8999999761581421,-1,-1,-1
47,16,479.4,138.4,19.9,49.1,0.47999998927116394,-1,-1,-1
47,17,407.0,143.9,21.8,50.0,0.5600000023841858,-1,-1,-1
47,8,601.7,148.2,24.8,63.2,0.8799999952316284,-1,-1,-1
47,4,553.6,145.8,23.7,66.0,0.8399999737739563,-1,-1,-1
48,6,734.2,140.5,105.7,252.3,0.9300000071525574,-1,-1,-1
48,7,637.2,125.3,104.0,272.3,0.8999999761581421,-1,-1,-1
48,9,447.9,144.6,18.6,44.7,0.7099999785423279,-1,-1,-1
48,5,526.3,135.9,26.6,77.2,0.8999999761581421,-1,-1,-1
48,13,467.3,143.8,16.9,43.1,0.2199999988079071,-1,-1,-1
48,10,445.7,156.0,85.6,184.1,0.9200000166893005,-1,-1,-1
48,3,567.3,144.6,32.5,85.4,0.9100000262260437,-1,-1,-1
48,16,478.1,139.7,19.8,49.1,0.3400000035762787,-1,-1,-1
48,17,399.6,144.5,23.1,53.2,0.7599999904632568,-1,-1,-1
48,8,602.9,148.4,25.0,63.8,0.8700000047683716,-1,-1,-1
48,4,555.6,146.6,24.1,66.5,0.8399999737739563,-1,-1,-1
48,14,503.6,148.6,16.2,39.7,0.6700000166893005,-1,-1,-1
49,6,747.7,139.1,107.1,260.3,0.8999999761581421,-1,-1,-1
49,7,652.8,125.8,106.9,272.0,0.8999999761581421,-1,-1,-1
49,9,446.3,144.3,17.5,42.6,0.36000001430511475,-1,-1,-1
49,5,527.6,135.1,27.2,79.2,0.8899999856948853,-1,-1,-1
49,13,467.4,145.2,16.3,41.8,0.44999998807907104,-1,-1,-1
49,10,428.4,156.7,87.3,183.5,0.9399999976158142,-1,-1,-1
49,3,570.8,143.7,32.7,86.5,0.8999999761581421,-1,-1,-1
49,16,477.6,140.2,19.2,47.9,0.7300000190734863,-1,-1,-1
49,17,395.2,145.1,23.3,53.6,0.6200000047683716,-1,-1,-1
49,8,604.8,148.2,25.4,64.7,0.8799999952316284,-1,-1,-1
49,4,557.1,145.5,24.4,67.0,0.8799999952316284,-1,-1,-1
49,14,502.3,148.9,16.6,39.7,0.75,-1,-1,-1
50,6,761.7,141.0,111.3,261.1,0.8600000143051147,-1,-1,-1
50,7,673.7,123.6,110.4,276.6,0.9100000262260437,-1,-1,-1
50,9,444.8,144.7,16.8,41.0,0.14000000059604645,-1,-1,-1
50,5,528.2,134.5,27.4,80.1,0.8999999761581421,-1,-1,-1
50,13,466.4,145.4,16.0,41.3,0.6899999976158142,-1,-1,-1
50,10,411.5,156.7,86.7,181.4,0.9200000166893005,-1,-1,-1
50,3,574.0,142.3,33.3,89.0,0.8999999761581421,-1,-1,-1
50,16,476.4,139.2,19.5,49.0,0.7200000286102295,-1,-1,-1
50,17,389.4,145.3,23.2,53.6,0.5199999809265137,-1,-1,-1
50,8,608.0,148.0,25.6,65.3,0.8899999856948853,-1,-1,-1
50,4,557.6,144.8,25.2,68.8,0.8899999856948853,-1,-1,-1
50,14,499.0,148.3,17.3,40.9,0.6899999976158142,-1,-1,-1
51,6,771.5,142.9,114.3,261.3,0.8700000047683716,-1,-1,-1
51,7,695.5,120.5,113.0,287.4,0.8799999952316284,-1,-1,-1
51,5,528.0,134.4,27.5,80.2,0.8999999761581421,-1,-1,-1
51,13,465.0,145.2,16.5,42.8,0.7400000095367432,-1,-1,-1
51,10,391.8,152.1,85.3,185.1,0.8999999761581421,-1,-1,-1
51,3,576.5,142.6,33.9,90.4,0.8799999952316284,-1,-1,-1
51,16,475.6,138.0,19.9,50.2,0.699999988079071,-1,-1,-1
51,17,383.2,145.0,24.0,55.7,0.6100000143051147,-1,-1,-1
51,8,610.8,148.2,25.8,65.5,0.8799999952316284,-1,-1,-1
51,4,558.4,144.6,25.4,69.1,0.8799999952316284,-1,-1,-1
51,14,496.6,148.1,17.6,41.3,0.6499999761581421,-1,-1,-1
51,12,445.3,142.5,18.0,46.1,0.6499999761581421,-1,-1,-1
52,6,784.4,142.0,119.2,269.3,0.8700000047683716,-1,-1,-1
52,7,705.0,119.7,116.6,302.8,0.8799999952316284,-1,-1,-1
52,5,528.2,135.1,27.7,80.1,0.8999999761581421,-1,-1,-1
52,13,463.0,144.8,16.9,43.7,0.7099999785423279,-1,-1,-1
52,10,372.3,152.0,83.1,182.6,0.9300000071525574,-1,-1,-1
52,3,579.4,144.4,34.1,90.0,0.8799999952316284,-1,-1,-1
52,16,473.7,137.6,20.4,52.2,0.6899999976158142,-1,-1,-1
52,17,376.5,145.2,25.5,59.7,0.6299999952316284,-1,-1,-1
52,8,612.8,149.0,26.0,65.3,0.8899999856948853,-1,-1,-1
52,4,559.1,145.5,25.8,69.9,0.8799999952316284,-1,-1,-1
52,14,494.0,148.1,17.8,41.5,0.5099999904632568,-1,-1,-1
52,12,442.5,142.9,18.0,45.9,0.5799999833106995,-1,-1,-1
53,6,808.2,139.4,120.6,278.5,0.8700000047683716,-1,-1,-1
53,7,715.7,121.6,118.9,309.4,0.8600000143051147,-1,-1,-1
53,5,527.4,135.6,28.3,81.0,0.8899999856948853,-1,-1,-1
53,13,461.4,145.0,17.2,43.9,0.7900000214576721,-1,-1,-1
53,10,352.6,154.7,84.2,179.1,0.949999988079071,-1,-1,-1
53,3,581.1,143.8,35.6,92.5,0.8899999856948853,-1,-1,-1
53,16,472.6,137.9,20.4,52.6,0.75,-1,-1,-1
53,17,371.5,145.5,23.2,54.3,0.25,-1,-1,-1
53,8,613.9,149.4,26.4,65.7,0.8899999856948853,-1,-1,-1
53,4,559.5,145.7,26.0,70.3,0.8799999952316284,-1,-1,-1
53,14,491.8,149.1,17.5,40.5,0.699999988079071,-1,-1,-1
53,12,439.2,143.0,18.0,45.1,0.47999998927116394,-1,-1,-1
54,6,842.8,136.7,119.9,284.8,0.8999999761581421,-1,-1,-1
54,7,730.3,122.3,121.4,314.5,0.8500000238418579,-1,-1,-1
54,5,527.9,135.5,28.6,80.8,0.8899999856948853,-1,-1,-1
54,13,460.5,145.5,17.4,44.1,0.7900000214576721,-1,-1,-1
54,10,339.2,155.9,85.9,177.9,0.949999988079071,-1,-1,-1
54,3,583.7,143.1,36.5,93.8,0.8799999952316284,-1,-1,-1
54,16,471.9,139.4,19.3,50.2,0.6700000166893005,-1,-1,-1
54,17,367.0,145.4,21.8,51.6,0.2199999988079071,-1,-1,-1
54,8,614.7,148.8,26.7,66.6,0.8700000047683716,-1,-1,-1
54,4,560.1,145.4,26.4,71.0,0.8700000047683716,-1,-1,-1
54,14,488.7,147.9,18.1,41.7,0.3700000047683716,-1,-1,-1
54,12,437.8,143.1,18.3,45.9,0.3700000047683716,-1,-1,-1
55,6,868.8,138.4,125.3,294.3,0.8799999952316284,-1,-1,-1
55,7,748.4,119.0,123.3,317.7,0.8500000238418579,-1,-1,-1
55,5,529.2,134.7,29.2,82.5,0.8899999856948853,-1,-1,-1
55,13,459.8,145.9,17.7,44.4,0.7400000095367432,-1,-1,-1
55,10,323.2,151.3,86.1,182.2,0.8999999761581421,-1,-1,-1
55,3,586.8,142.0,36.9,95.4,0.8899999856948853,-1,-1,-1
55,16,470.1,139.9,18.8,49.4,0.6600000262260437,-1,-1,-1
55,17,362.0,146.0,20.4,48.3,0.20999999344348907,-1,-1,-1
55,8,616.0,148.7,26.5,66.9,0.8700000047683716,-1,-1,-1
55,4,561.4,145.0,26.6,72.0,0.8799999952316284,-1,-1,-1
55,14,486.1,148.7,17.9,41.2,0.4699999988079071,-1,-1,-1
55,12,436.2,143.3,18.5,46.3,0.6499999761581421,-1,-1,-1
56,6,894.1,141.6,129.7,295.9,0.8799999952316284,-1,-1,-1
56,7,768.9,114.4,128.3,330.7,0.8600000143051147,-1,-1,-1
56,5,531.1,134.0,29.4,84.2,0.8899999856948853,-1,-1,-1
56,13,458.3,145.3,17.6,44.7,0.7599999904632568,-1,-1,-1
56,10,304.3,151.5,82.7,180.5,0.8899999856948853,-1,-1,-1
56,3,590.2,141.7,36.9,96.4,0.8899999856948853,-1,-1,-1
56,16,468.0,140.3,18.5,49.1,0.7599999904632568,-1,-1,-1
56,17,354.3,145.7,21.6,51.0,0.4000000059604645,-1,-1,-1
56,8,617.8,149.1,26.5,67.4,0.8799999952316284,-1,-1,-1
56,4,562.3,144.7,26.8,73.0,0.8700000047683716,-1,-1,-1
56,14,483.5,150.6,17.2,39.3,0.15000000596046448,-1,-1,-1
56,9,434.1,143.7,18.2,45.4,0.6899999976158142,-1,-1,-1
57,6,918.0,141.2,135.2,300.7,0.8700000047683716,-1,-1,-1
57,7,801.9,111.4,128.7,333.3,0.8500000238418579,-1,-1,-1
57,5,533.4,134.5,29.1,84.1,0.8999999761581421,-1,-1,-1
57,13,456.5,145.5,17.4,44.5,0.7400000095367432,-1,-1,-1
57,10,285.8,153.1,82.0,178.7,0.8999999761581421,-1,-1,-1
57,3,594.1,143.4,36.4,95.4,0.9100000262260437,-1,-1,-1
57,16,466.4,139.6,18.6,49.7,0.7699999809265137,-1,-1,-1
57,17,346.9,142.7,22.4,53.0,0.18000000715255737,-1,-1,-1
57,8,619.4,149.8,26.2,67.3,0.8899999856948853,-1,-1,-1
57,4,564.2,145.8,27.1,73.1,0.8600000143051147,-1,-1,-1
57,14,480.5,149.7,18.2,41.0,0.2199999988079071,-1,-1,-1
57,9,432.9,143.8,17.3,43.2,0.5600000023841858,-1,-1,-1
58,6,951.1,136.8,139.8,316.6,0.8899999856948853,-1,-1,-1
58,7,824.7,110.6,133.4,349.4,0.8600000143051147,-1,-1,-1
58,5,534.8,135.2,28.8,84.1,0.8899999856948853,-1,-1,-1
58,13,454.7,145.8,16.8,43.3,0.6499999761581421,-1,-1,-1
58,10,270.6,153.9,82.5,177.2,0.9200000166893005,-1,-1,-1
58,3,597.2,143.6,36.9,97.3,0.9100000262260437,-1,-1,-1
58,16,464.4,139.6,18.6,49.8,0.7799999713897705,-1,-1,-1
58,17,342.9,144.5,20.9,49.2,0.12999999523162842,-1,-1,-1
58,8,621.5,149.1,26.2,68.1,0.8799999952316284,-1,-1,-1
58,4,566.7,145.7,27.6,73.3,0.8799999952316284,-1,-1,-1
58,9,430.1,143.4,18.4,45.8,0.7300000190734863,-1,-1,-1
59,6,975.3,132.8,141.6,328.7,0.8799999952316284,-1,-1,-1
59,7,844.9,113.4,137.6,355.9,0.8500000238418579,-1,-1,-1
59,5,536.4,135.3,28.8,84.9,0.8899999856948853,-1,-1,-1
59,13,452.8,146.3,16.9,43.9,0.550000011920929,-1,-1,-1
59,10,254.6,152.8,80.1,173.6,0.9100000262260437,-1,-1,-1
59,3,600.7,143.2,37.2,99.0,0.9100000262260437,-1,-1,-1
59,16,463.2,140.0,18.6,49.8,0.699999988079071,-1,-1,-1
59,17,336.6,146.5,24.4,57.8,0.11999999731779099,-1,-1,-1
59,8,624.6,148.1,26.6,69.5,0.8899999856948853,-1,-1,-1
59,4,567.8,145.1,28.4,74.3,0.8799999952316284,-1,-1,-1
59,9,428.4,143.6,18.9,47.2,0.5299999713897705,-1,-1,-1
59,18,526.0,142.3,15.0,37.1,0.7400000095367432,-1,-1,-1
60,6,1004.7,132.4,142.5,333.5,0.8399999737739563,-1,-1,-1
60,7,884.2,112.7,140.6,366.6,0.8399999737739563,-1,-1,-1
60,5,538.0,134.3,29.1,86.2,0.9100000262260437,-1,-1,-1
60,13,451.6,145.5,17.5,45.8,0.6399999856948853,-1,-1,-1
60,10,241.6,150.4,77.5,173.4,0.8799999952316284,-1,-1,-1
60,3,604.4,141.6,37.9,101.5,0.9200000166893005,-1,-1,-1
60,16,461.6,140.5,18.7,50.2,0.5400000214576721,-1,-1,-1
60,8,627.2,147.9,27.2,70.6,0.8799999952316284,-1,-1,-1
60,4,568.2,143.9,29.3,76.5,0.8799999952316284,-1,-1,-1
60,9,427.8,143.6,18.7,47.1,0.6600000262260437,-1,-1,-1
60,18,524.4,142.0,15.3,37.8,0.699999988079071,-1,-1,-1
61,6,1034.2,135.7,142.5,335.8,0.8399999737739563,-1,-1,-1
61,7,920.8,109.2,143.9,374.9,0.8399999737739563,-1,-1,-1
61,5,539.0,133.7,29.5,87.9,0.8999999761581421,-1,-1,-1
61,13,450.1,145.7,17.6,46.3,0.6100000143051147,-1,-1,-1
61,10,228.9,150.5,76.7,173.9,0.8899999856948853,-1,-1,-1
61,3,607.6,142.1,38.3,102.1,0.9100000262260437,-1,-1,-1
61,16,460.6,141.1,18.6,50.1,0.6600000262260437,-1,-1,-1
61,8,629.5,148.4,27.4,70.5,0.8700000047683716,-1,-1,-1
61,4,569.2,144.2,29.5,76.7,0.8700000047683716,-1,-1,-1
61,9,426.7,143.4,18.3,46.1,0.25999999046325684,-1,-1,-1
61,18,522.8,142.0,15.1,37.2,0.7400000095367432,-1,-1,-1
62,6,1070.1,135.6,140.4,333.5,0.8399999737739563,-1,-1,-1
62,7,946.7,103.8,147.7,386.4,0.8299999833106995,-1,-1,-1
62,5,538.5,133.0,30.1,88.9,0.9100000262260437,-1,-1,-1
62,13,448.0,145.1,17.6,46.5,0.699999988079071,-1,-1,-1
62,10,222.9,152.4,75.5,171.6,0.8799999952316284,-1,-1,-1
62,3,610.3,143.6,39.0,102.8,0.9200000166893005,-1,-1,-1
62,16,459.8,140.6,19.4,51.4,0.6600000262260437,-1,-1,-1
62,8,632.6,149.8,27.2,69.5,0.8600000143051147,-1,-1,-1
62,4,570.4,144.6,30.0,77.4,0.8600000143051147,-1,-1,-1
62,9,426.1,142.9,19.3,48.0,0.699999988079071,-1,-1,-1
62,18,521.2,141.9,15.3,37.8,0.800000011920929,-1,-1,-1
63,6,1104.3,131.0,148.2,360.2,0.8299999833106995,-1,-1,-1
63,7,962.8,102.5,153.3,401.9,0.8500000238418579,-1,-1,-1
63,5,537.8,134.4,30.7,88.5,0.8999999761581421,-1,-1,-1
63,13,447.4,145.1,17.2,46.1,0.5799999833106995,-1,-1,-1
63,10,207.6,148.6,74.5,168.8,0.10000000149011612,-1,-1,-1
63,3,613.8,144.6,39.7,104.1,0.9100000262260437,-1,-1,-1
63,16,457.6,140.3,19.3,51.4,0.6200000047683716,-1,-1,-1
63,8,634.3,149.4,27.7,71.0,0.8299999833106995,-1,-1,-1
63,4,571.7,144.7,30.7,78.2,0.8600000143051147,-1,-1,-1
63,9,423.3,143.1,19.4,48.5,0.4099999964237213,-1,-1,-1
63,18,519.7,142.4,15.6,38.5,0.7900000214576721,-1,-1,-1
64,6,1138.1,124.9,150.7,376.2,0.7599999904632568,-1,-1,-1
64,7,982.8,105.6,158.2,412.3,0.8399999737739563,-1,-1,-1
64,5,537.4,134.6,31.8,89.7,0.9200000166893005,-1,-1,-1
64,13,443.9,144.7,18.1,47.7,0.5699999928474426,-1,-1,-1
64,3,618.7,143.9,40.5,105.9,0.8999999761581421,-1,-1,-1
64,16,455.2,139.6,20.1,53.0,0.699999988079071,-1,-1,-1
64,8,631.5,147.6,31.5,81.3,0.44999998807907104,-1,-1,-1
64,4,571.6,144.2,31.1,79.1,0.8700000047683716,-1,-1,-1
64,9,421.2,143.3,19.2,48.2,0.46000000834465027,-1,-1,-1
64,18,518.3,142.5,15.8,38.7,0.7599999904632568,-1,-1,-1
65,7,1011.9,106.7,165.1,425.8,0.800000011920929,-1,-1,-1
65,5,537.5,133.9,32.7,91.1,0.9100000262260437,-1,-1,-1
65,13,442.4,144.9,19.1,50.1,0.5600000023841858,-1,-1,-1
65,3,623.6,143.1,40.6,107.0,0.9200000166893005,-1,-1,-1
65,16,452.8,139.5,20.2,53.5,0.6899999976158142,-1,-1,-1
65,8,634.3,148.2,29.9,77.8,0.47999998927116394,-1,-1,-1
65,4,572.0,143.7,31.3,80.3,0.8799999952316284,-1,-1,-1
65,9,419.0,143.3,19.3,48.6,0.3799999952316284,-1,-1,-1
65,18,516.7,142.6,15.9,38.3,0.7799999713897705,-1,-1,-1
66,7,1046.9,103.5,173.6,448.4,0.7900000214576721,-1,-1,-1
66,5,540.7,132.9,32.7,92.3,0.8999999761581421,-1,-1,-1
66,13,441.5,145.8,17.9,47.2,0.11999999731779099,-1,-1,-1
66,3,628.5,144.0,40.9,107.9,0.9200000166893005,-1,-1,-1
66,16,450.2,140.4,20.3,53.1,0.6499999761581421,-1,-1,-1
66,8,637.8,148.9,29.3,76.6,0.25,-1,-1,-1
66,4,573.9,144.2,31.2,80.6,0.8799999952316284,-1,-1,-1
66,9,417.4,143.0,19.3,48.7,0.33000001311302185,-1,-1,-1
66,18,515.4,142.4,16.1,38.6,0.7599999904632568,-1,-1,-1
67,7,1095.2,97.1,173.1,452.0,0.75,-1,-1,-1
67,5,543.4,132.7,32.6,93.4,0.9100000262260437,-1,-1,-1
67,13,439.4,145.5,18.7,48.9,0.14000000059604645,-1,-1,-1
67,3,632.6,144.8,42.1,110.4,0.9300000071525574,-1,-1,-1
67,16,446.9,140.1,20.6,53.8,0.6000000238418579,-1,-1,-1
67,4,575.7,144.7,31.2,80.8,0.8899999856948853,-1,-1,-1
67,9,415.5,142.3,19.5,49.3,0.44999998807907104,-1,-1,-1
67,18,513.5,142.1,16.5,39.4,0.7599999904632568,-1,-1,-1
68,7,1148.8,104.8,163.5,434.5,0.28999999165534973,-1,-1,-1
68,5,545.3,133.2,32.5,93.7,0.8999999761581421,-1,-1,-1
68,13,437.5,145.4,17.0,44.6,0.1899999976158142,-1,-1,-1
68,3,635.6,144.8,42.6,112.0,0.9200000166893005,-1,-1,-1
68,16,445.1,140.1,19.8,51.8,0.5099999904632568,-1,-1,-1
68,4,578.7,145.0,31.4,80.6,0.8799999952316284,-1,-1,-1
68,9,413.7,141.7,19.6,49.9,0.33000001311302185,-1,-1,-1
68,18,512.0,142.3,16.6,39.2,0.7599999904632568,-1,-1,-1
69,5,546.4,133.7,32.1,94.1,0.8899999856948853,-1,-1,-1
69,13,436.9,145.4,18.7,48.2,0.18000000715255737,-1,-1,-1
69,3,640.0,144.4,42.7,112.9,0.9100000262260437,-1,-1,-1
69,16,442.7,138.7,20.1,52.9,0.3799999952316284,-1,-1,-1
69,4,580.9,143.8,32.1,82.5,0.8899999856948853,-1,-1,-1
69,9,412.2,140.5,20.6,52.8,0.10999999940395355,-1,-1,-1
69,18,509.7,142.6,16.8,39.0,0.7699999809265137,-1,-1,-1
70,5,547.0,133.6,32.1,94.9,0.8999999761581421,-1,-1,-1
70,3,644.4,143.1,43.6,115.4,0.9100000262260437,-1,-1,-1
70,16,441.7,139.7,18.9,49.9,0.3100000023841858,-1,-1,-1
70,4,583.6,143.3,32.9,83.7,0.8899999856948853,-1,-1,-1
70,18,508.3,142.9,16.9,39.0,0.75,-1,-1,-1
71,5,547.5,132.9,32.6,96.3,0.8899999856948853,-1,-1,-1
71,3,649.6,144.5,44.5,116.3,0.8999999761581421,-1,-1,-1
71,16,439.9,140.8,19.2,50.9,0.5799999833106995,-1,-1,-1
71,4,585.0,144.3,33.0,83.4,0.8899999856948853,-1,-1,-1
71,18,507.1,142.9,16.7,38.7,0.6399999856948853,-1,-1,-1
71,8,648.1,150.1,29.6,76.6,0.7699999809265137,-1,-1,-1
72,5,547.8,131.7,32.9,97.7,0.8999999761581421,-1,-1,-1
72,3,654.6,145.3,46.2,119.1,0.9100000262260437,-1,-1,-1
72,16,437.7,140.8,19.7,51.9,0.550000011920929,-1,-1,-1
72,4,587.3,145.3,33.3,83.2,0.8899999856948853,-1,-1,-1
72,18,504.9,142.7,16.7,38.7,0.7900000214576721,-1,-1,-1
72,8,649.7,150.2,29.4,76.4,0.8600000143051147,-1,-1,-1
73,5,545.7,131.8,34.0,98.6,0.9200000166893005,-1,-1,-1
73,3,660.3,145.8,47.5,121.1,0.8999999761581421,-1,-1,-1
73,16,435.4,140.1,19.9,52.3,0.5799999833106995,-1,-1,-1
73,4,590.4,145.4,33.8,83.5,0.8999999761581421,-1,-1,-1
73,18,503.3,142.8,16.9,39.3,0.7300000190734863,-1,-1,-1
73,8,652.5,149.6,30.0,77.4,0.8399999737739563,-1,-1,-1
74,5,544.6,132.5,35.2,99.7,0.9100000262260437,-1,-1,-1
74,3,667.8,145.0,47.9,122.8,0.9300000071525574,-1,-1,-1
74,16,433.5,138.5,20.3,53.7,0.3100000023841858,-1,-1,-1
74,4,592.8,143.9,35.3,86.2,0.8899999856948853,-1,-1,-1
74,18,501.5,142.7,17.2,39.6,0.8100000023841858,-1,-1,-1
74,8,654.6,149.1,30.3,78.0,0.8799999952316284,-1,-1,-1
75,5,543.5,132.4,36.7,101.8,0.9100000262260437,-1,-1,-1
75,3,674.5,144.1,47.9,124.2,0.9200000166893005,-1,-1,-1
75,16,429.9,138.3,21.6,56.9,0.3700000047683716,-1,-1,-1
75,4,596.7,143.3,36.0,87.3,0.8899999856948853,-1,-1,-1
75,18,500.1,143.4,17.2,39.1,0.7799999713897705,-1,-1,-1
75,8,657.1,149.0,31.2,79.4,0.8899999856948853,-1,-1,-1
76,5,544.8,132.3,37.2,102.8,0.9200000166893005,-1,-1,-1
76,3,682.6,144.9,48.7,125.1,0.9399999976158142,-1,-1,-1
76,16,428.8,139.2,21.4,55.9,0.5600000023841858,-1,-1,-1
76,4,598.9,144.0,35.8,87.1,0.9100000262260437,-1,-1,-1
76,18,498.5,144.0,17.1,38.5,0.7200000286102295,-1,-1,-1
76,8,658.9,149.6,31.4,79.3,0.8999999761581421,-1,-1,-1
77,5,548.6,131.7,36.9,103.4,0.8999999761581421,-1,-1,-1
77,3,686.9,146.3,50.3,127.8,0.9300000071525574,-1,-1,-1
77,16,426.7,139.7,21.4,55.5,0.7300000190734863,-1,-1,-1
77,4,602.9,145.0,36.3,87.5,0.8899999856948853,-1,-1,-1
77,18,496.0,143.5,17.6,39.3,0.8399999737739563,-1,-1,-1
77,8,661.3,149.3,31.8,80.4,0.9100000262260437,-1,-1,-1
78,5,551.0,131.5,36.6,104.2,0.8999999761581421,-1,-1,-1
78,3,690.8,146.6,51.0,129.5,0.9300000071525574,-1,-1,-1
78,16,425.1,139.9,21.6,55.5,0.7400000095367432,-1,-1,-1
78,4,605.1,144.8,36.9,87.6,0.8999999761581421,-1,-1,-1
78,18,494.1,142.7,17.7,39.9,0.7699999809265137,-1,-1,-1
78,8,664.1,148.6,32.5,81.6,0.9100000262260437,-1,-1,-1
78,20,520.3,146.6,16.1,35.5,0.800000011920929,-1,-1,-1
79,5,553.6,132.6,35.7,103.5,0.9100000262260437,-1,-1,-1
79,3,698.5,144.8,51.1,132.0,0.9300000071525574,-1,-1,-1
79,16,424.1,140.1,21.3,54.4,0.699999988079071,-1,-1,-1
79,4,605.9,144.1,37.4,88.8,0.9100000262260437,-1,-1,-1
79,18,492.5,143.3,17.4,39.4,0.7799999713897705,-1,-1,-1
79,8,666.8,148.8,33.2,82.4,0.9200000166893005,-1,-1,-1
79,20,518.7,147.4,15.9,34.8,0.800000011920929,-1,-1,-1
80,5,554.8,133.5,35.4,104.3,0.8999999761581421,-1,-1,-1
80,3,706.3,144.1,51.6,135.2,0.9300000071525574,-1,-1,-1
80,16,421.5,139.0,21.5,55.6,0.699999988079071,-1,-1,-1
80,4,607.7,143.7,38.3,90.1,0.9100000262260437,-1,-1,-1
80,18,490.5,142.4,17.8,40.5,0.7400000095367432,-1,-1,-1
80,8,669.9,149.9,33.6,82.7,0.9200000166893005,-1,-1,-1
80,20,516.8,147.4,15.9,34.8,0.6499999761581421,-1,-1,-1
81,5,556.4,133.1,35.7,106.4,0.8999999761581421,-1,-1,-1
81,3,712.7,145.1,52.5,137.0,0.9200000166893005,-1,-1,-1
81,16,419.5,138.1,21.4,55.7,0.6299999952316284,-1,-1,-1
81,4,610.1,143.7,39.6,91.9,0.8899999856948853,-1,-1,-1
81,18,488.6,142.6,18.1,41.5,0.7400000095367432,-1,-1,-1
81,8,672.1,150.6,33.9,82.7,0.9100000262260437,-1,-1,-1
81,20,513.8,146.4,16.4,36.1,0.699999988079071,-1,-1,-1
82,5,558.4,131.4,36.3,108.8,0.9100000262260437,-1,-1,-1
82,3,718.6,146.8,54.4,140.3,0.9300000071525574,-1,-1,-1
82,16,418.2,139.6,20.8,54.1,0.7200000286102295,-1,-1,-1
82,4,610.5,145.1,40.4,92.6,0.8999999761581421,-1,-1,-1
82,18,486.7,142.7,17.9,41.3,0.7799999713897705,-1,-1,-1
82,8,673.4,150.3,34.4,83.4,0.9100000262260437,-1,-1,-1
82,20,511.2,147.0,16.2,35.6,0.7200000286102295,-1,-1,-1
83,5,560.0,130.6,36.6,110.0,0.9100000262260437,-1,-1,-1
83,3,725.8,146.8,55.8,142.9,0.9399999976158142,-1,-1,-1
83,16,415.9,140.4,20.8,53.9,0.800000011920929,-1,-1,-1
83,4,612.0,144.9,41.1,93.6,0.9200000166893005,-1,-1,-1
83,18,484.8,143.0,17.6,40.8,0.7799999713897705,-1,-1,-1
83,8,675.2,150.0,34.8,84.1,0.9100000262260437,-1,-1,-1
83,20,507.7,147.7,16.2,35.4,0.7799999713897705,-1,-1,-1
84,5,558.6,130.7,37.8,111.6,0.9300000071525574,-1,-1,-1
84,3,734.5,145.4,56.8,146.0,0.9300000071525574,-1,-1,-1
84,16,414.2,140.4,20.9,53.8,0.7099999785423279,-1,-1,-1
84,4,616.5,143.8,41.7,94.9,0.8899999856948853,-1,-1,-1
84,18,483.3,142.8,17.6,40.8,0.8100000023841858,-1,-1,-1
84,8,677.1,149.9,35.6,85.3,0.9200000166893005,-1,-1,-1
84,20,505.5,147.7,16.4,35.8,0.8199999928474426,-1,-1,-1
85,5,558.2,131.9,38.9,112.1,0.9200000166893005,-1,-1,-1
85,3,741.9,144.8,57.0,148.3,0.9399999976158142,-1,-1,-1
85,16,411.9,140.3,21.4,55.3,0.7200000286102295,-1,-1,-1
85,4,620.2,144.1,41.7,95.7,0.8999999761581421,-1,-1,-1
85,18,480.8,142.5,18.0,41.1,0.75,-1,-1,-1
85,8,679.1,150.3,36.5,86.8,0.9200000166893005,-1,-1,-1
85,20,503.3,147.5,16.7,36.6,0.7200000286102295,-1,-1,-1
86,5,558.1,132.1,40.9,115.5,0.9100000262260437,-1,-1,-1
86,3,751.6,146.4,58.3,149.3,0.949999988079071,-1,-1,-1
86,16,412.5,139.9,21.3,54.0,0.4099999964237213,-1,-1,-1
86,4,623.5,145.3,41.8,96.4,0.9100000262260437,-1,-1,-1
86,18,478.5,143.0,18.3,41.4,0.7799999713897705,-1,-1,-1
86,8,681.2,150.3,37.3,87.9,0.9300000071525574,-1,-1,-1
86,20,501.3,146.9,16.5,36.6,0.5199999809265137,-1,-1,-1
87,5,560.7,131.2,41.3,115.6,0.9200000166893005,-1,-1,-1
87,3,756.5,147.8,60.4,152.7,0.9399999976158142,-1,-1,-1
87,16,410.3,139.8,22.1,55.2,0.2199999988079071,-1,-1,-1
87,4,626.5,146.0,42.5,97.7,0.8899999856948853,-1,-1,-1
87,18,477.4,143.0,18.5,41.3,0.7400000095367432,-1,-1,-1
87,8,684.3,150.2,37.8,88.2,0.9300000071525574,-1,-1,-1
87,20,498.6,147.1,16.5,36.8,0.5899999737739563,-1,-1,-1
88,5,567.2,130.1,40.9,116.6,0.9100000262260437,-1,-1,-1
88,3,760.4,147.6,61.8,157.0,0.9399999976158142,-1,-1,-1
88,16,405.5,140.5,21.6,54.5,0.4300000071525574,-1,-1,-1
88,4,627.1,145.0,43.6,99.5,0.9100000262260437,-1,-1,-1
88,18,475.5,143.0,18.3,41.0,0.6200000047683716,-1,-1,-1
88,8,688.1,149.8,38.7,89.2,0.9300000071525574,-1,-1,-1
88,20,495.7,147.8,16.5,36.3,0.7300000190734863,-1,-1,-1
89,5,572.8,130.6,41.1,117.7,0.9100000262260437,-1,-1,-1
89,3,770.7,145.8,61.8,160.5,0.9300000071525574,-1,-1,-1
89,16,402.9,140.9,21.3,54.0,0.3400000035762787,-1,-1,-1
89,4,627.9,144.4,44.4,100.4,0.9100000262260437,-1,-1,-1
89,18,472.2,142.9,18.4,41.8,0.7799999713897705,-1,-1,-1
89,8,692.2,150.1,39.8,90.3,0.9200000166893005,-1,-1,-1
89,20,493.8,148.2,16.6,36.1,0.800000011920929,-1,-1,-1
90,5,576.3,131.9,40.9,118.0,0.9200000166893005,-1,-1,-1
90,3,781.3,145.2,62.5,164.8,0.9300000071525574,-1,-1,-1
90,16,401.1,140.6,21.5,54.8,0.5199999809265137,-1,-1,-1
90,4,630.5,144.6,45.1,100.7,0.9100000262260437,-1,-1,-1
90,18,468.9,143.5,18.2,41.3,0.800000011920929,-1,-1,-1
90,8,696.0,151.2,40.5,91.3,0.9200000166893005,-1,-1,-1
90,20,492.8,148.0,16.9,36.5,0.6899999976158142,-1,-1,-1
91,5,578.2,131.7,41.3,121.1,0.9100000262260437,-1,-1,-1
91,3,790.7,147.6,63.7,166.1,0.9399999976158142,-1,-1,-1
91,16,399.4,140.5,20.3,52.2,0.38999998569488525,-1,-1,-1
91,4,632.5,145.6,45.8,101.2,0.8999999761581421,-1,-1,-1
91,18,466.3,143.7,18.2,41.3,0.8100000023841858,-1,-1,-1
91,8,699.4,151.9,40.6,91.0,0.9200000166893005,-1,-1,-1
91,20,490.6,148.1,16.7,36.6,0.6100000143051147,-1,-1,-1
92,5,581.0,130.7,41.7,123.7,0.9100000262260437,-1,-1,-1
92,3,798.7,149.7,66.3,170.7,0.949999988079071,-1,-1,-1
92,16,397.6,140.8,18.8,47.9,0.28999999165534973,-1,-1,-1
92,4,630.5,146.4,47.0,103.8,0.8999999761581421,-1,-1,-1
92,18,464.9,144.5,18.0,40.9,0.800000011920929,-1,-1,-1
92,8,702.5,151.1,41.2,92.5,0.9200000166893005,-1,-1,-1
92,20,488.1,147.6,17.0,37.2,0.5400000214576721,-1,-1,-1
93,5,584.6,130.0,41.7,124.7,0.9200000166893005,-1,-1,-1
93,3,810.5,149.8,68.4,175.3,0.9399999976158142,-1,-1,-1
93,16,395.7,140.9,18.3,46.7,0.3499999940395355,-1,-1,-1
93,4,631.0,146.3,47.5,104.6,0.9100000262260437,-1,-1,-1
93,18,462.4,144.4,18.2,41.0,0.75,-1,-1,-1
93,8,705.6,150.4,41.4,93.8,0.9100000262260437,-1,-1,-1
93,20,485.4,148.4,16.8,36.7,0.7900000214576721,-1,-1,-1
94,5,585.3,129.7,42.2,126.3,0.9300000071525574,-1,-1,-1
94,3,825.8,147.5,69.3,179.2,0.9200000166893005,-1,-1,-1
94,16,393.4,141.2,18.9,48.1,0.4099999964237213,-1,-1,-1
94,4,632.7,145.6,47.8,106.3,0.9100000262260437,-1,-1,-1
94,18,461.0,143.8,18.2,41.4,0.8100000023841858,-1,-1,-1
94,8,711.0,150.7,42.3,94.9,0.9200000166893005,-1,-1,-1
94,20,483.9,149.1,16.6,36.2,0.7900000214576721,-1,-1,-1
95,5,585.5,130.8,43.0,126.9,0.9200000166893005,-1,-1,-1
95,3,838.8,147.4,70.1,182.3,0.949999988079071,-1,-1,-1
95,16,391.9,141.2,18.9,48.2,0.20999999344348907,-1,-1,-1
95,4,635.6,146.0,47.4,107.1,0.8999999761581421,-1,-1,-1
95,18,458.1,143.4,18.6,42.2,0.7599999904632568,-1,-1,-1
95,8,714.3,151.4,42.6,95.8,0.9200000166893005,-1,-1,-1
95,20,482.1,148.1,16.9,37.3,0.6700000166893005,-1,-1,-1
96,5,584.8,131.7,44.6,129.5,0.9200000166893005,-1,-1,-1
96,3,853.3,149.8,73.7,183.9,0.9599999785423279,-1,-1,-1
96,16,389.0,141.1,19.4,49.5,0.20999999344348907,-1,-1,-1
96,4,639.7,146.9,48.3,110.1,0.8799999952316284,-1,-1,-1
96,18,447.4,144.9,19.7,44.0,0.6499999761581421,-1,-1,-1
96,8,717.7,151.6,42.7,96.7,0.9100000262260437,-1,-1,-1
96,20,480.3,148.1,16.7,37.3,0.38999998569488525,-1,-1,-1
97,5,587.1,131.5,45.6,131.1,0.9100000262260437,-1,-1,-1
97,3,860.1,151.2,78.8,190.8,0.949999988079071,-1,-1,-1
97,16,386.4,140.7,19.9,50.4,0.18000000715255737,-1,-1,-1
97,4,644.0,148.0,49.0,111.2,0.8799999952316284,-1,-1,-1
97,18,444.6,145.2,20.6,44.6,0.6800000071525574,-1,-1,-1
97,8,721.7,151.0,43.1,97.7,0.9200000166893005,-1,-1,-1
97,20,477.8,147.5,17.0,38.4,0.75,-1,-1,-1
98,5,593.2,130.2,45.8,133.4,0.9300000071525574,-1,-1,-1
98,3,868.1,150.4,81.3,196.1,0.949999988079071,-1,-1,-1
98,4,644.2,147.8,49.2,112.6,0.9200000166893005,-1,-1,-1
98,18,445.5,145.4,21.0,44.6,0.7099999785423279,-1,-1,-1
98,8,727.0,150.9,44.0,99.2,0.9300000071525574,-1,-1,-1
98,20,475.1,148.0,17.0,37.7,0.7900000214576721,-1,-1,-1
99,5,598.9,129.9,45.7,135.0,0.9300000071525574,-1,-1,-1
99,3,885.8,147.7,81.2,200.5,0.9300000071525574,-1,-1,-1
99,4,645.6,147.1,50.0,114.7,0.9200000166893005,-1,-1,-1
99,18,447.3,145.2,20.7,44.5,0.5799999833106995,-1,-1,-1
99,8,732.1,151.9,44.9,100.5,0.9200000166893005,-1,-1,-1
99,20,472.5,148.3,17.3,37.7,0.7400000095367432,-1,-1,-1
100,5,605.0,130.9,46.0,135.8,0.9300000071525574,-1,-1,-1
100,3,902.7,146.9,82.4,206.7,0.9399999976158142,-1,-1,-1
100,4,647.6,147.6,50.9,117.2,0.9200000166893005,-1,-1,-1
100,18,445.3,144.9,20.1,44.0,0.5699999928474426,-1,-1,-1
100,8,736.8,152.8,45.8,101.5,0.9300000071525574,-1,-1,-1
100,20,470.1,148.2,17.7,38.0,0.7200000286102295,-1,-1,-1
100,21,545.3,141.1,20.8,43.8,0.7400000095367432,-1,-1,-1
101,5,607.8,132.6,46.1,137.5,0.9300000071525574,-1,-1,-1
101,3,921.4,149.1,86.4,210.4,0.9399999976158142,-1,-1,-1
101,4,650.0,149.2,51.7,119.4,0.9200000166893005,-1,-1,-1
101,18,443.3,145.2,19.1,42.2,0.7099999785423279,-1,-1,-1
101,8,740.2,152.3,46.5,102.9,0.9300000071525574,-1,-1,-1
101,20,467.3,148.4,17.4,37.8,0.6200000047683716,-1,-1,-1
101,21,546.2,141.2,20.5,43.4,0.6100000143051147,-1,-1,-1
102,5,610.1,132.6,46.7,140.1,0.9399999976158142,-1,-1,-1
102,3,934.5,150.1,91.9,217.7,0.9399999976158142,-1,-1,-1
102,4,651.0,149.9,51.8,121.3,0.9100000262260437,-1,-1,-1
102,18,441.3,145.5,19.0,41.7,0.6600000262260437,-1,-1,-1
102,8,743.7,152.2,46.6,103.3,0.9200000166893005,-1,-1,-1
102,20,461.9,146.7,19.4,41.8,0.7900000214576721,-1,-1,-1
102,21,547.0,141.4,20.3,43.2,0.7300000190734863,-1,-1,-1
103,5,611.8,131.6,47.4,141.8,0.9399999976158142,-1,-1,-1
103,3,952.0,149.0,94.8,224.6,0.9300000071525574,-1,-1,-1
103,4,655.7,149.0,51.7,121.9,0.9200000166893005,-1,-1,-1
103,18,437.1,145.3,19.3,41.6,0.7699999809265137,-1,-1,-1
103,8,748.9,152.6,47.4,104.3,0.9399999976158142,-1,-1,-1
103,20,461.0,146.1,20.0,43.0,0.8199999928474426,-1,-1,-1
103,21,546.4,141.2,20.5,43.9,0.699999988079071,-1,-1,-1
104,5,607.8,129.9,50.1,145.0,0.9399999976158142,-1,-1,-1
104,3,975.4,145.7,95.7,230.9,0.9100000262260437,-1,-1,-1
104,4,661.0,148.3,52.5,124.7,0.9100000262260437,-1,-1,-1
104,18,435.7,145.1,18.8,40.8,0.6600000262260437,-1,-1,-1
104,8,754.0,152.6,49.0,106.5,0.9399999976158142,-1,-1,-1
104,20,458.7,147.8,18.5,40.4,0.3100000023841858,-1,-1,-1
104,21,546.5,140.9,20.5,44.4,0.5400000214576721,-1,-1,-1
105,5,602.9,130.0,53.8,147.6,0.9300000071525574,-1,-1,-1
105,3,999.0,145.3,99.0,235.4,0.9300000071525574,-1,-1,-1
105,4,665.7,149.6,52.2,125.3,0.8899999856948853,-1,-1,-1
105,18,433.1,145.4,19.3,42.0,0.550000011920929,-1,-1,-1
105,8,757.9,152.9,49.4,107.7,0.9399999976158142,-1,-1,-1
105,20,457.6,148.7,18.0,39.6,0.5,-1,-1,-1
105,21,546.9,140.7,20.5,44.8,0.6700000166893005,-1,-1,-1
106,5,599.1,130.9,57.8,149.7,0.9399999976158142,-1,-1,-1
106,3,1021.9,147.6,105.9,236.8,0.9300000071525574,-1,-1,-1
106,4,672.4,151.1,54.2,128.5,0.8999999761581421,-1,-1,-1
106,18,430.5,144.6,20.1,44.2,0.5699999928474426,-1,-1,-1
106,8,762.5,152.5,49.5,108.7,0.9300000071525574,-1,-1,-1
106,20,455.8,149.0,17.2,38.5,0.6399999856948853,-1,-1,-1
106,21,546.8,140.9,20.2,44.3,0.6100000143051147,-1,-1,-1
107,5,597.3,132.0,61.5,152.9,0.9399999976158142,-1,-1,-1
107,3,1028.6,148.9,111.0,241.0,0.9300000071525574,-1,-1,-1
107,4,676.3,151.3,55.4,130.4,0.8999999761581421,-1,-1,-1
107,18,428.2,145.5,20.7,45.1,0.5799999833106995,-1,-1,-1
107,8,769.2,152.0,50.0,110.3,0.9300000071525574,-1,-1,-1
107,20,453.5,148.9,17.0,38.5,0.5699999928474426,-1,-1,-1
107,21,545.6,141.0,20.2,44.6,0.75,-1,-1,-1
107,22,475.6,144.4,17.7,44.1,0.800000011920929,-1,-1,-1
108,5,596.4,132.0,64.4,154.4,0.9399999976158142,-1,-1,-1
108,3,1045.1,146.0,114.8,248.6,0.9100000262260437,-1,-1,-1
108,4,678.1,150.1,56.3,132.3,0.9100000262260437,-1,-1,-1
108,18,426.5,144.9,21.0,45.6,0.6700000166893005,-1,-1,-1
108,8,776.5,153.0,50.9,112.5,0.9300000071525574,-1,-1,-1
108,20,450.9,150.0,16.8,37.6,0.7400000095367432,-1,-1,-1
108,21,545.3,141.1,19.9,44.4,0.8100000023841858,-1,-1,-1
108,22,477.3,144.8,17.7,43.7,0.8500000238418579,-1,-1,-1
109,5,602.0,130.6,66.2,157.1,0.9300000071525574,-1,-1,-1
109,3,1072.0,142.5,116.9,259.5,0.8700000047683716,-1,-1,-1
109,4,682.4,149.6,58.4,136.1,0.8899999856948853,-1,-1,-1
109,18,425.0,145.4,21.2,45.8,0.7200000286102295,-1,-1,-1
109,8,783.2,154.5,51.4,113.8,0.9300000071525574,-1,-1,-1
109,20,447.8,150.1,17.6,38.0,0.75,-1,-1,-1
109,21,545.3,141.0,19.5,43.8,0.7400000095367432,-1,-1,-1
109,22,479.6,144.7,18.2,44.5,0.75,-1,-1,-1
110,5,614.9,130.8,65.2,159.2,0.949999988079071,-1,-1,-1
110,3,1100.4,142.0,116.8,265.0,0.8999999761581421,-1,-1,-1
110,4,686.9,151.0,60.5,139.8,0.9100000262260437,-1,-1,-1
110,18,422.6,145.3,20.6,45.1,0.7200000286102295,-1,-1,-1
110,8,789.2,155.1,51.7,114.7,0.9300000071525574,-1,-1,-1
110,20,445.0,150.8,18.1,38.0,0.7599999904632568,-1,-1,-1
110,21,545.2,141.3,19.1,43.4,0.8100000023841858,-1,-1,-1
110,22,482.5,145.3,17.6,42.9,0.7699999809265137,-1,-1,-1
111,5,623.2,131.9,64.5,161.9,0.9300000071525574,-1,-1,-1
111,3,1126.0,145.0,118.4,266.0,0.8299999833106995,-1,-1,-1
111,4,688.1,152.2,61.6,142.9,0.9100000262260437,-1,-1,-1
111,18,419.8,145.1,20.2,44.5,0.7200000286102295,-1,-1,-1
111,8,793.4,154.1,52.0,116.4,0.9200000166893005,-1,-1,-1
111,20,442.2,150.3,18.4,38.5,0.699999988079071,-1,-1,-1
111,21,545.6,141.3,19.1,43.9,0.800000011920929,-1,-1,-1
111,22,485.6,145.0,17.4,42.5,0.5899999737739563,-1,-1,-1
112,5,628.5,132.7,64.4,166.0,0.9399999976158142,-1,-1,-1
112,3,1147.0,150.7,119.9,261.6,0.7200000286102295,-1,-1,-1
112,4,691.4,152.6,61.7,143.6,0.9200000166893005,-1,-1,-1
112,18,418.7,145.5,19.7,43.8,0.6700000166893005,-1,-1,-1
112,8,797.5,153.7,52.4,118.0,0.9300000071525574,-1,-1,-1
112,20,438.4,150.0,18.7,39.2,0.6399999856948853,-1,-1,-1
112,21,546.2,141.2,18.9,44.1,0.7599999904632568,-1,-1,-1
112,22,488.5,144.5,17.6,43.2,0.7699999809265137,-1,-1,-1
113,5,632.6,132.4,63.9,168.6,0.9300000071525574,-1,-1,-1
113,4,696.8,151.4,62.0,145.7,0.9200000166893005,-1,-1,-1
113,18,416.6,145.7,19.6,43.6,0.6499999761581421,-1,-1,-1
113,8,804.9,154.4,54.2,120.1,0.949999988079071,-1,-1,-1
113,20,436.4,150.4,18.4,38.7,0.5699999928474426,-1,-1,-1
113,21,546.6,141.2,18.9,44.6,0.7599999904632568,-1,-1,-1
113,22,491.4,144.6,17.8,43.0,0.8199999928474426,-1,-1,-1
114,5,637.1,130.9,63.6,171.7,0.9399999976158142,-1,-1,-1
114,4,705.3,151.6,63.4,148.4,0.8899999856948853,-1,-1,-1
114,18,412.8,144.9,19.9,44.2,0.6700000166893005,-1,-1,-1
114,8,810.2,154.9,55.9,122.1,0.9399999976158142,-1,-1,-1
114,20,434.2,150.3,18.6,39.1,0.6600000262260437,-1,-1,-1
114,21,547.6,141.1,18.5,44.4,0.7599999904632568,-1,-1,-1
114,22,493.2,144.4,18.0,43.0,0.8500000238418579,-1,-1,-1
115,5,638.3,129.9,64.3,175.3,0.9399999976158142,-1,-1,-1
115,4,711.1,154.1,65.7,151.6,0.9200000166893005,-1,-1,-1
115,18,410.8,145.2,20.0,44.2,0.5899999737739563,-1,-1,-1
115,8,814.3,154.7,56.7,124.1,0.9300000071525574,-1,-1,-1
115,20,431.7,150.4,18.6,39.4,0.47999998927116394,-1,-1,-1
115,21,548.1,141.5,18.0,43.7,0.6200000047683716,-1,-1,-1
115,22,495.1,143.9,18.2,43.5,0.800000011920929,-1,-1,-1
116,5,634.4,130.8,66.5,178.5,0.9300000071525574,-1,-1,-1
116,4,716.1,155.5,67.5,154.1,0.8799999952316284,-1,-1,-1
116,18,409.6,145.7,19.6,43.7,0.5400000214576721,-1,-1,-1
116,8,820.7,153.8,57.8,125.7,0.9399999976158142,-1,-1,-1
116,20,429.2,150.6,18.9,39.9,0.49000000953674316,-1,-1,-1
116,21,548.8,141.1,18.0,44.2,0.6899999976158142,-1,-1,-1
116,22,498.1,143.6,18.1,43.7,0.75,-1,-1,-1
117,5,632.7,132.6,69.1,182.4,0.9300000071525574,-1,-1,-1
117,4,722.0,154.5,69.3,156.7,0.8899999856948853,-1,-1,-1
117,18,407.8,144.7,20.2,45.0,0.49000000953674316,-1,-1,-1
117,8,829.0,153.6,59.5,128.5,0.9399999976158142,-1,-1,-1
117,20,427.0,149.2,19.2,41.3,0.4399999976158142,-1,-1,-1
117,21,549.2,141.0,18.1,44.9,0.7200000286102295,-1,-1,-1
117,22,501.5,143.6,17.9,43.3,0.800000011920929,-1,-1,-1
118,5,635.8,133.5,70.8,185.5,0.9399999976158142,-1,-1,-1
118,4,719.3,153.9,69.2,159.2,0.8999999761581421,-1,-1,-1
118,18,405.8,145.2,20.4,45.4,0.25999999046325684,-1,-1,-1
118,8,839.0,155.8,60.0,127.9,0.9399999976158142,-1,-1,-1
118,20,424.1,149.3,18.9,40.6,0.25,-1,-1,-1
118,21,550.7,140.9,18.3,45.3,0.7699999809265137,-1,-1,-1
118,22,504.8,143.7,18.1,42.9,0.8299999833106995,-1,-1,-1
119,5,645.2,131.5,71.8,191.8,0.9300000071525574,-1,-1,-1
119,4,723.7,155.3,70.4,162.6,0.9200000166893005,-1,-1,-1
119,18,401.9,145.2,21.3,47.6,0.5799999833106995,-1,-1,-1
119,8,847.4,157.2,61.7,130.6,0.9399999976158142,-1,-1,-1
119,20,421.6,150.3,18.9,40.1,0.5600000023841858,-1,-1,-1
119,21,551.9,140.9,18.2,45.6,0.7900000214576721,-1,-1,-1
119,22,507.2,144.0,18.4,42.5,0.8399999737739563,-1,-1,-1
120,5,656.5,130.4,70.9,195.0,0.9300000071525574,-1,-1,-1
120,4,726.8,157.7,72.9,169.9,0.9200000166893005,-1,-1,-1
120,18,399.6,145.1,21.2,47.9,0.5,-1,-1,-1
120,8,855.3,157.1,62.7,132.7,0.9399999976158142,-1,-1,-1
120,20,418.7,150.8,19.0,40.2,0.38999998569488525,-1,-1,-1
120,21,552.5,140.9,18.0,45.6,0.800000011920929,-1,-1,-1
120,22,509.4,143.7,18.6,42.2,0.8199999928474426,-1,-1,-1
121,5,666.4,131.8,70.4,197.0,0.9399999976158142,-1,-1,-1
121,4,731.3,160.7,73.1,171.5,0.9100000262260437,-1,-1,-1
121,18,397.1,145.7,21.3,48.1,0.6800000071525574,-1,-1,-1
121,8,862.9,156.2,63.4,135.1,0.9300000071525574,-1,-1,-1
121,20,416.3,150.4,19.5,41.3,0.6899999976158142,-1,-1,-1
121,21,553.7,141.0,17.5,44.6,0.7900000214576721,-1,-1,-1
121,22,512.2,143.6,18.3,41.6,0.8199999928474426,-1,-1,-1
122,5,673.8,133.4,72.0,202.0,0.9300000071525574,-1,-1,-1
122,4,734.8,160.7,73.2,173.4,0.8999999761581421,-1,-1,-1
122,18,395.1,146.0,21.2,48.3,0.4399999976158142,-1,-1,-1
122,8,873.7,155.8,64.8,137.9,0.9399999976158142,-1,-1,-1
122,20,413.7,147.6,20.4,44.0,0.3700000047683716,-1,-1,-1
122,21,554.7,140.9,17.8,45.3,0.7400000095367432,-1,-1,-1
122,22,515.3,143.7,18.0,41.4,0.6399999856948853,-1,-1,-1
123,5,677.1,134.5,72.7,206.6,0.9200000166893005,-1,-1,-1
123,4,741.2,159.6,73.8,178.1,0.9100000262260437,-1,-1,-1
123,18,393.9,146.7,20.4,46.7,0.5400000214576721,-1,-1,-1
123,8,887.0,157.2,66.6,139.0,0.949999988079071,-1,-1,-1
123,20,411.3,148.4,20.1,43.7,0.28999999165534973,-1,-1,-1
123,21,555.2,141.0,17.8,45.5,0.7300000190734863,-1,-1,-1
123,22,518.4,144.3,17.8,41.2,0.7300000190734863,-1,-1,-1
124,5,683.2,133.2,73.5,212.1,0.9399999976158142,-1,-1,-1
124,4,749.7,160.9,74.8,180.8,0.9300000071525574,-1,-1,-1
124,18,392.2,146.5,20.1,46.4,0.5,-1,-1,-1
124,8,893.9,158.0,68.7,142.9,0.9399999976158142,-1,-1,-1
124,20,409.3,150.5,19.0,41.7,0.6100000143051147,-1,-1,-1
124,21,555.9,141.1,17.7,45.4,0.7599999904632568,-1,-1,-1
124,22,521.0,145.0,17.4,40.0,0.7699999809265137,-1,-1,-1
125,5,691.0,130.7,73.0,214.4,0.9399999976158142,-1,-1,-1
125,4,755.5,163.2,78.6,188.3,0.9300000071525574,-1,-1,-1
125,18,389.1,146.6,21.0,48.8,0.3499999940395355,-1,-1,-1
125,8,902.6,157.5,68.9,145.2,0.9300000071525574,-1,-1,-1
125,20,407.1,151.3,18.7,41.6,0.15000000596046448,-1,-1,-1
125,21,556.3,141.2,17.5,44.9,0.75,-1,-1,-1
125,22,522.8,146.1,17.0,38.9,0.7200000286102295,-1,-1,-1
126,5,689.9,130.7,76.2,221.3,0.949999988079071,-1,-1,-1
126,4,762.3,164.1,80.7,191.6,0.9300000071525574,-1,-1,-1
126,18,387.4,146.8,20.5,47.9,0.6100000143051147,-1,-1,-1
126,8,915.5,156.2,70.3,148.7,0.9300000071525574,-1,-1,-1
126,20,405.1,150.8,18.2,41.2,0.4000000059604645,-1,-1,-1
126,21,556.6,141.4,17.0,43.7,0.5699999928474426,-1,-1,-1
126,22,525.5,146.6,16.6,38.2,0.3400000035762787,-1,-1,-1
127,5,689.8,132.7,82.0,232.3,0.9300000071525574,-1,-1,-1
127,4,774.0,162.3,81.6,195.0,0.9300000071525574,-1,-1,-1
127,18,384.5,146.2,22.2,52.1,0.4399999976158142,-1,-1,-1
127,8,930.3,157.4,71.7,150.6,0.9300000071525574,-1,-1,-1
127,20,402.7,151.0,18.9,43.2,0.2800000011920929,-1,-1,-1
127,21,556.5,141.4,17.2,44.4,0.6600000262260437,-1,-1,-1
127,22,528.8,145.1,17.3,39.9,0.6000000238418579,-1,-1,-1
128,5,689.5,133.8,85.1,235.4,0.9200000166893005,-1,-1,-1
128,4,781.7,160.7,84.1,201.9,0.9300000071525574,-1,-1,-1
128,18,382.7,147.0,21.5,50.6,0.4300000071525574,-1,-1,-1
128,8,942.4,159.0,74.2,153.7,0.9399999976158142,-1,-1,-1
128,20,401.2,151.3,18.7,42.9,0.46000000834465027,-1,-1,-1
128,21,556.7,141.3,17.3,44.7,0.7200000286102295,-1,-1,-1
128,22,531.7,144.5,17.6,40.6,0.6700000166893005,-1,-1,-1
129,5,694.9,132.4,88.6,242.7,0.9200000166893005,-1,-1,-1
129,4,788.9,161.7,86.4,207.6,0.9300000071525574,-1,-1,-1
129,18,379.9,146.2,22.1,52.7,0.6800000071525574,-1,-1,-1
129,8,954.3,159.2,75.6,157.0,0.9200000166893005,-1,-1,-1
129,20,398.2,151.2,20.1,46.6,0.49000000953674316,-1,-1,-1
129,21,556.7,141.4,17.4,45.1,0.7099999785423279,-1,-1,-1
129,22,533.6,141.5,19.0,43.5,0.5,-1,-1,-1
130,5,711.8,129.3,87.4,244.0,0.9399999976158142,-1,-1,-1
130,4,798.2,163.5,86.2,205.6,0.9200000166893005,-1,-1,-1
130,18,378.9,146.8,20.3,48.9,0.23000000417232513,-1,-1,-1
130,8,963.9,158.3,75.3,158.2,0.9200000166893005,-1,-1,-1
130,20,395.4,151.5,18.8,43.7,0.28999999165534973,-1,-1,-1
130,21,556.9,141.4,17.2,44.5,0.6899999976158142,-1,-1,-1
130,22,535.3,142.4,18.8,42.5,0.6399999856948853,-1,-1,-1
131,5,725.9,127.4,86.3,246.9,0.9399999976158142,-1,-1,-1
131,4,806.6,162.9,89.8,213.5,0.9300000071525574,-1,-1,-1
131,18,377.4,146.8,19.6,47.8,0.23000000417232513,-1,-1,-1
131,8,976.8,158.0,77.1,162.2,0.9399999976158142,-1,-1,-1
131,20,394.3,151.1,18.3,42.8,0.33000001311302185,-1,-1,-1
131,21,556.9,141.7,17.1,44.3,0.7599999904632568,-1,-1,-1
131,22,537.6,143.0,18.4,41.4,0.7699999809265137,-1,-1,-1
132,5,739.2,128.2,88.1,254.1,0.9300000071525574,-1,-1,-1
132,4,818.1,160.5,93.4,223.5,0.9200000166893005,-1,-1,-1
132,18,373.1,146.3,22.5,55.2,0.12999999523162842,-1,-1,-1
132,8,994.1,159.2,79.9,164.0,0.949999988079071,-1,-1,-1
132,21,556.7,141.8,16.9,43.8,0.699999988079071,-1,-1,-1
132,22,540.7,143.0,18.0,41.2,0.7200000286102295,-1,-1,-1
133,5,750.2,129.4,90.8,260.6,0.9300000071525574,-1,-1,-1
133,4,827.0,160.8,97.2,231.6,0.9200000166893005,-1,-1,-1
133,18,370.0,145.9,22.4,54.6,0.12999999523162842,-1,-1,-1
133,8,1003.1,159.4,83.5,169.0,0.949999988079071,-1,-1,-1
133,21,556.5,141.8,17.0,44.2,0.7200000286102295,-1,-1,-1
133,22,543.5,143.1,18.0,41.6,0.6800000071525574,-1,-1,-1
134,5,755.6,127.3,93.1,266.8,0.9300000071525574,-1,-1,-1
134,4,835.5,162.3,99.9,233.1,0.9100000262260437,-1,-1,-1
134,18,367.3,146.0,22.3,54.5,0.20999999344348907,-1,-1,-1
134,8,1011.6,159.0,85.1,172.9,0.9399999976158142,-1,-1,-1
134,21,556.7,141.6,17.0,44.2,0.7200000286102295,-1,-1,-1
134,22,545.9,143.4,17.7,41.5,0.7699999809265137,-1,-1,-1
135,5,762.6,122.8,94.6,275.7,0.9200000166893005,-1,-1,-1
135,4,847.9,163.5,102.4,233.2,0.9200000166893005,-1,-1,-1
135,18,365.2,146.5,23.7,58.0,0.4399999976158142,-1,-1,-1
135,8,1025.2,158.1,86.3,175.3,0.9300000071525574,-1,-1,-1
135,21,556.8,141.7,16.9,43.9,0.6600000262260437,-1,-1,-1
135,22,547.6,143.3,17.6,41.2,0.6100000143051147,-1,-1,-1
136,5,772.5,119.5,96.2,285.3,0.9200000166893005,-1,-1,-1
136,4,865.1,161.8,106.6,241.0,0.9100000262260437,-1,-1,-1
136,18,361.7,146.0,28.2,69.0,0.25,-1,-1,-1
136,8,1043.2,158.9,90.2,181.1,0.9399999976158142,-1,-1,-1
136,21,557.5,141.8,16.9,43.9,0.5099999904632568,-1,-1,-1
136,22,551.9,142.2,16.7,39.8,0.5,-1,-1,-1
137,5,774.5,118.8,99.3,290.8,0.9200000166893005,-1,-1,-1
137,4,885.8,158.9,109.8,248.6,0.9200000166893005,-1,-1,-1
137,18,360.1,146.4,30.5,74.3,0.4099999964237213,-1,-1,-1
137,8,1062.5,161.3,92.6,182.7,0.949999988079071,-1,-1,-1
137,22,554.4,141.6,17.8,42.8,0.6000000238418579,-1,-1,-1
138,5,776.7,121.1,103.1,294.6,0.9300000071525574,-1,-1,-1
138,4,902.8,158.8,111.0,249.3,0.9200000166893005,-1,-1,-1
138,18,359.3,145.5,31.9,76.7,0.33000001311302185,-1,-1,-1
138,8,1078.9,161.3,95.8,187.8,0.9399999976158142,-1,-1,-1
138,22,556.0,141.3,18.0,43.8,0.75,-1,-1,-1
139,5,780.6,120.4,107.5,297.8,0.9100000262260437,-1,-1,-1
139,4,916.1,160.5,116.3,257.0,0.8899999856948853,-1,-1,-1
139,18,361.5,145.6,31.0,73.9,0.4099999964237213,-1,-1,-1
139,8,1093.8,160.0,96.8,191.1,0.9399999976158142,-1,-1,-1
140,5,792.6,116.4,110.2,299.5,0.8999999761581421,-1,-1,-1
140,4,934.2,160.6,120.0,260.7,0.8999999761581421,-1,-1,-1
140,18,364.7,145.1,29.4,69.9,0.4699999988079071,-1,-1,-1
140,8,1112.5,159.0,97.8,194.3,0.949999988079071,-1,-1,-1
141,5,810.7,110.5,119.0,328.2,0.9100000262260437,-1,-1,-1
141,4,952.2,157.8,132.8,290.0,0.9100000262260437,-1,-1,-1
141,18,367.6,145.8,27.4,64.6,0.5199999809265137,-1,-1,-1
141,8,1134.2,159.7,100.2,197.0,0.8899999856948853,-1,-1,-1
142,5,834.1,107.5,120.1,337.7,0.8999999761581421,-1,-1,-1
142,4,976.4,156.0,136.8,301.0,0.8799999952316284,-1,-1,-1
142,18,369.6,146.8,26.6,62.6,0.38999998569488525,-1,-1,-1
142,8,1147.9,160.3,100.7,194.4,0.8700000047683716,-1,-1,-1
143,5,852.0,108.4,124.5,354.5,0.8600000143051147,-1,-1,-1
143,4,995.1,157.8,140.2,306.7,0.8500000238418579,-1,-1,-1
143,18,370.2,146.9,26.4,62.1,0.41999998688697815,-1,-1,-1
143,8,1167.1,164.1,103.9,201.6,0.12999999523162842,-1,-1,-1
144,5,872.7,109.1,131.7,370.5,0.8500000238418579,-1,-1,-1
144,4,1014.0,160.4,145.8,316.2,0.8199999928474426,-1,-1,-1
144,18,368.0,146.7,28.7,67.3,0.27000001072883606,-1,-1,-1
144,21,558.0,141.1,17.2,44.6,0.6800000071525574,-1,-1,-1
145,5,897.5,106.9,135.1,381.6,0.8799999952316284,-1,-1,-1
145,4,1051.4,161.5,151.0,327.7,0.8700000047683716,-1,-1,-1
145,18,371.6,149.0,26.6,62.3,0.10999999940395355,-1,-1,-1
145,21,558.1,141.1,17.5,44.9,0.6600000262260437,-1,-1,-1
