1,179,428.1,89.6,99.6,244.6,0.949999988079071,-1,-1,-1
1,180,168.6,93.6,87.0,233.4,0.9399999976158142,-1,-1,-1
1,181,343.2,77.8,102.0,255.5,0.9399999976158142,-1,-1,-1
1,182,574.5,82.1,72.3,203.5,0.9200000166893005,-1,-1,-1
1,183,90.3,97.5,75.6,225.0,0.8999999761581421,-1,-1,-1
1,184,504.9,110.4,57.6,127.2,0.8899999856948853,-1,-1,-1
1,185,174.6,92.5,53.1,163.4,0.8399999737739563,-1,-1,-1
2,179,429.5,88.7,100.0,245.5,0.949999988079071,-1,-1,-1
2,180,174.0,92.2,86.7,232.9,0.9300000071525574,-1,-1,-1
2,181,346.1,78.0,102.0,255.5,0.9300000071525574,-1,-1,-1
2,182,573.6,82.9,71.9,202.2,0.9300000071525574,-1,-1,-1
2,183,85.7,98.2,75.4,224.1,0.9300000071525574,-1,-1,-1
2,184,504.5,111.1,57.3,126.7,0.8899999856948853,-1,-1,-1
2,185,175.1,92.6,53.2,163.6,0.8600000143051147,-1,-1,-1
3,179,432.7,87.4,100.1,246.1,0.949999988079071,-1,-1,-1
3,180,180.5,91.4,86.4,233.0,0.9300000071525574,-1,-1,-1
3,181,349.8,79.5,101.6,254.4,0.9300000071525574,-1,-1,-1
3,182,572.4,83.6,71.7,201.7,0.9300000071525574,-1,-1,-1
3,183,78.4,99.1,75.6,223.8,0.9300000071525574,-1,-1,-1
3,184,503.8,111.5,57.2,126.4,0.8899999856948853,-1,-1,-1
3,185,175.0,92.6,53.5,164.7,0.8600000143051147,-1,-1,-1
4,179,436.6,86.5,99.8,245.8,0.949999988079071,-1,-1,-1
4,180,187.7,90.4,86.1,232.9,0.9399999976158142,-1,-1,-1
4,181,354.0,80.9,101.2,252.8,0.9300000071525574,-1,-1,-1
4,182,570.5,84.3,71.6,201.0,0.9300000071525574,-1,-1,-1
4,183,70.5,100.8,75.8,222.6,0.9399999976158142,-1,-1,-1
4,184,503.1,112.1,57.1,125.8,0.8799999952316284,-1,-1,-1
4,185,174.6,92.5,53.4,164.3,0.8700000047683716,-1,-1,-1
5,179,441.1,85.7,98.4,243.2,0.9399999976158142,-1,-1,-1
5,180,195.1,89.2,86.7,234.2,0.9399999976158142,-1,-1,-1
5,181,357.0,82.0,100.3,250.1,0.9200000166893005,-1,-1,-1
5,182,568.0,85.1,71.3,200.2,0.9200000166893005,-1,-1,-1
5,183,64.6,101.9,76.9,223.2,0.9399999976158142,-1,-1,-1
5,184,503.1,112.2,56.9,125.0,0.8700000047683716,-1,-1,-1
5,185,174.7,92.7,53.4,163.9,0.8700000047683716,-1,-1,-1
6,179,446.7,85.3,97.6,241.6,0.9200000166893005,-1,-1,-1
6,180,200.9,88.9,86.9,234.7,0.9300000071525574,-1,-1,-1
6,181,358.6,83.6,99.4,247.7,0.9300000071525574,-1,-1,-1
6,182,565.8,85.6,71.3,199.7,0.9300000071525574,-1,-1,-1
6,183,59.9,102.0,78.3,224.0,0.9399999976158142,-1,-1,-1
6,184,501.7,112.0,57.0,125.4,0.8199999928474426,-1,-1,-1
6,185,174.5,93.0,53.4,163.8,0.8799999952316284,-1,-1,-1
7,179,449.8,84.6,97.3,241.8,0.9300000071525574,-1,-1,-1
7,180,207.6,90.0,86.7,233.5,0.9300000071525574,-1,-1,-1
7,181,361.8,84.7,98.9,246.2,0.9399999976158142,-1,-1,-1
7,182,564.1,86.2,71.1,199.0,0.9200000166893005,-1,-1,-1
7,183,56.2,101.6,79.4,224.4,0.9399999976158142,-1,-1,-1
7,184,500.5,111.7,57.2,125.7,0.8100000023841858,-1,-1,-1
7,185,174.3,93.2,53.1,162.7,0.8899999856948853,-1,-1,-1
8,179,451.7,84.7,96.6,241.7,0.9300000071525574,-1,-1,-1
8,180,213.6,91.8,86.4,231.6,0.9300000071525574,-1,-1,-1
8,181,363.8,85.0,99.0,246.0,0.9399999976158142,-1,-1,-1
8,182,561.3,86.7,70.9,198.2,0.9100000262260437,-1,-1,-1
8,183,51.9,100.9,80.2,225.4,0.9399999976158142,-1,-1,-1
8,184,498.4,111.2,58.7,129.2,0.6700000166893005,-1,-1,-1
8,185,173.7,93.3,52.9,162.2,0.8899999856948853,-1,-1,-1
9,179,454.2,84.8,95.6,241.2,0.9399999976158142,-1,-1,-1
9,180,219.8,93.5,86.3,229.4,0.9399999976158142,-1,-1,-1
9,181,365.9,84.5,98.9,245.7,0.9399999976158142,-1,-1,-1
9,182,559.3,86.9,70.8,198.0,0.9200000166893005,-1,-1,-1
9,183,47.2,100.1,80.5,226.6,0.9399999976158142,-1,-1,-1
9,184,490.2,111.5,60.6,135.3,0.23000000417232513,-1,-1,-1
9,185,173.5,93.3,52.8,161.8,0.8999999761581421,-1,-1,-1
10,179,458.1,85.0,94.7,240.9,0.949999988079071,-1,-1,-1
10,180,224.4,94.6,86.3,227.3,0.9399999976158142,-1,-1,-1
10,181,367.7,83.7,99.0,246.2,0.949999988079071,-1,-1,-1
10,182,558.2,86.8,70.8,198.2,0.9200000166893005,-1,-1,-1
10,183,40.7,99.1,80.1,228.0,0.9300000071525574,-1,-1,-1
10,185,173.0,93.4,52.9,162.0,0.8999999761581421,-1,-1,-1
10,186,601.5,109.1,42.5,132.7,0.75,-1,-1,-1
11,179,463.6,85.3,94.2,240.5,0.9399999976158142,-1,-1,-1
11,180,227.4,95.0,86.9,227.0,0.9399999976158142,-1,-1,-1
11,181,369.5,82.3,98.9,246.5,0.9399999976158142,-1,-1,-1
11,182,555.7,86.3,70.7,198.9,0.9300000071525574,-1,-1,-1
11,183,33.8,97.7,79.9,230.3,0.9200000166893005,-1,-1,-1
11,185,172.6,93.5,53.0,162.1,0.9100000262260437,-1,-1,-1
11,186,601.2,109.5,42.3,131.9,0.8299999833106995,-1,-1,-1
12,179,466.2,86.5,94.2,239.1,0.9300000071525574,-1,-1,-1
12,180,230.1,95.3,87.2,226.3,0.9300000071525574,-1,-1,-1
12,181,372.1,81.5,97.7,243.7,0.9399999976158142,-1,-1,-1
12,182,553.2,85.9,70.5,199.3,0.9300000071525574,-1,-1,-1
12,183,27.0,96.8,79.1,231.1,0.9300000071525574,-1,-1,-1
12,185,172.3,93.6,53.1,162.2,0.8999999761581421,-1,-1,-1
12,186,600.9,109.2,42.4,132.1,0.8500000238418579,-1,-1,-1
13,179,470.5,87.1,94.0,238.0,0.9399999976158142,-1,-1,-1
13,180,233.9,94.9,87.0,225.2,0.9200000166893005,-1,-1,-1
13,181,374.4,80.4,97.7,244.3,0.9399999976158142,-1,-1,-1
13,182,550.9,85.5,70.0,199.0,0.9200000166893005,-1,-1,-1
13,183,20.6,96.1,78.4,231.8,0.9300000071525574,-1,-1,-1
13,185,172.0,93.6,53.0,161.8,0.8999999761581421,-1,-1,-1
13,186,599.9,108.8,42.7,132.8,0.8500000238418579,-1,-1,-1
14,179,475.4,88.3,93.7,236.7,0.9300000071525574,-1,-1,-1
14,180,236.7,93.1,86.7,224.2,0.9200000166893005,-1,-1,-1
14,181,377.2,79.7,97.7,244.7,0.9399999976158142,-1,-1,-1
14,182,549.2,85.3,69.5,198.1,0.9100000262260437,-1,-1,-1
14,183,11.8,96.2,78.3,231.2,0.9300000071525574,-1,-1,-1
14,185,171.6,93.5,53.2,162.1,0.8999999761581421,-1,-1,-1
14,186,598.9,107.7,43.3,134.0,0.8500000238418579,-1,-1,-1
15,179,478.9,89.7,93.5,234.6,0.9200000166893005,-1,-1,-1
15,180,239.9,90.7,86.7,225.0,0.9300000071525574,-1,-1,-1
15,181,379.5,79.2,97.6,245.1,0.9399999976158142,-1,-1,-1
15,182,543.1,85.1,70.1,198.5,0.9100000262260437,-1,-1,-1
15,183,3.0,96.1,79.8,232.8,0.9300000071525574,-1,-1,-1
15,185,171.0,93.4,53.5,162.6,0.9100000262260437,-1,-1,-1
15,186,597.9,107.2,43.8,134.4,0.8500000238418579,-1,-1,-1
16,179,480.5,90.3,93.3,233.6,0.9200000166893005,-1,-1,-1
16,180,242.8,89.3,86.6,225.9,0.9300000071525574,-1,-1,-1
16,181,382.7,79.5,97.3,244.3,0.9300000071525574,-1,-1,-1
16,182,539.9,85.2,70.3,198.3,0.9200000166893005,-1,-1,-1
16,183,-4.4,97.7,81.6,232.8,0.9100000262260437,-1,-1,-1
16,185,171.1,93.1,53.5,162.4,0.8999999761581421,-1,-1,-1
16,186,596.6,106.8,44.5,134.9,0.8600000143051147,-1,-1,-1
17,179,481.6,89.9,93.1,233.5,0.9200000166893005,-1,-1,-1
17,180,245.7,89.0,85.9,225.6,0.9300000071525574,-1,-1,-1
17,181,385.5,80.4,96.9,243.3,0.9399999976158142,-1,-1,-1
17,182,539.0,85.4,70.4,198.6,0.9100000262260437,-1,-1,-1
17,183,-8.6,99.8,83.0,231.4,0.9100000262260437,-1,-1,-1
17,185,171.0,92.9,53.6,162.9,0.9100000262260437,-1,-1,-1
17,186,595.2,106.6,45.1,135.1,0.8600000143051147,-1,-1,-1
18,179,483.2,88.9,93.2,234.1,0.9300000071525574,-1,-1,-1
18,180,248.6,88.6,85.1,225.4,0.9300000071525574,-1,-1,-1
18,181,389.4,81.5,96.5,242.2,0.949999988079071,-1,-1,-1
18,182,538.4,86.2,70.0,198.0,0.8999999761581421,-1,-1,-1
18,183,-12.6,101.4,85.0,230.4,0.8999999761581421,-1,-1,-1
18,185,170.8,93.1,53.5,162.3,0.9100000262260437,-1,-1,-1
18,186,594.0,106.3,45.9,135.6,0.8600000143051147,-1,-1,-1
19,179,486.4,88.3,93.0,234.4,0.9300000071525574,-1,-1,-1
19,180,252.9,89.1,84.2,224.1,0.9300000071525574,-1,-1,-1
19,181,393.8,82.0,96.7,241.4,0.9399999976158142,-1,-1,-1
19,182,535.9,87.0,69.8,197.3,0.9100000262260437,-1,-1,-1
19,183,-14.7,102.3,86.7,229.7,0.8999999761581421,-1,-1,-1
19,185,170.6,93.2,53.6,162.3,0.9100000262260437,-1,-1,-1
19,186,592.1,105.7,46.9,136.3,0.8700000047683716,-1,-1,-1
20,179,490.6,87.3,93.1,235.5,0.9300000071525574,-1,-1,-1
20,180,258.2,90.7,83.8,222.5,0.9300000071525574,-1,-1,-1
20,181,398.5,83.5,96.7,239.7,0.9300000071525574,-1,-1,-1
20,182,533.1,86.7,69.7,196.8,0.9100000262260437,-1,-1,-1
20,183,-17.0,101.9,88.3,229.6,0.8899999856948853,-1,-1,-1
20,185,170.4,93.2,53.6,162.3,0.8999999761581421,-1,-1,-1
20,186,590.7,106.4,47.7,135.8,0.8700000047683716,-1,-1,-1
21,179,495.4,87.1,92.1,234.0,0.9300000071525574,-1,-1,-1
21,180,263.4,92.8,83.4,219.9,0.9399999976158142,-1,-1,-1
21,181,403.4,84.7,97.1,238.0,0.9300000071525574,-1,-1,-1
21,182,529.6,86.9,70.0,196.8,0.8799999952316284,-1,-1,-1
21,183,-21.5,100.9,89.9,230.7,0.8700000047683716,-1,-1,-1
21,185,170.4,93.1,53.5,162.3,0.9100000262260437,-1,-1,-1
21,186,589.2,106.9,48.4,135.4,0.8799999952316284,-1,-1,-1
22,179,499.4,85.7,91.5,233.5,0.9300000071525574,-1,-1,-1
22,180,267.1,94.6,83.1,217.8,0.9300000071525574,-1,-1,-1
22,181,405.7,85.5,97.2,236.7,0.9300000071525574,-1,-1,-1
22,182,530.5,91.8,67.7,191.1,0.8299999833106995,-1,-1,-1
22,183,-30.4,97.9,92.1,233.4,0.8700000047683716,-1,-1,-1
22,185,170.3,92.9,53.7,163.0,0.8999999761581421,-1,-1,-1
22,186,587.7,107.4,49.3,135.4,0.8799999952316284,-1,-1,-1
23,179,502.5,84.3,91.7,234.2,0.9300000071525574,-1,-1,-1
23,180,269.1,96.0,82.6,216.1,0.9300000071525574,-1,-1,-1
23,181,407.1,85.7,97.3,236.1,0.9300000071525574,-1,-1,-1
23,182,523.8,97.1,68.0,188.2,0.6899999976158142,-1,-1,-1
23,183,-41.2,92.7,95.0,238.6,0.75,-1,-1,-1
23,185,170.1,92.5,53.9,163.6,0.8999999761581421,-1,-1,-1
23,186,585.9,107.2,50.4,136.2,0.8899999856948853,-1,-1,-1
23,184,470.3,111.2,54.8,125.5,0.7300000190734863,-1,-1,-1
24,179,505.0,84.4,91.3,233.3,0.8899999856948853,-1,-1,-1
24,180,270.9,96.5,82.3,215.3,0.9300000071525574,-1,-1,-1
24,181,409.3,85.5,97.6,235.9,0.9300000071525574,-1,-1,-1
24,182,521.7,97.3,68.6,187.2,0.23999999463558197,-1,-1,-1
24,183,-51.9,83.2,98.6,249.3,0.6600000262260437,-1,-1,-1
24,185,170.1,92.5,53.9,163.7,0.8999999761581421,-1,-1,-1
24,186,584.8,107.4,51.2,136.3,0.8700000047683716,-1,-1,-1
24,184,470.6,110.8,52.4,122.0,0.7300000190734863,-1,-1,-1
25,179,508.3,84.0,90.9,232.9,0.8999999761581421,-1,-1,-1
25,180,273.3,96.6,82.0,214.6,0.9300000071525574,-1,-1,-1
25,181,412.4,84.6,98.5,236.4,0.9300000071525574,-1,-1,-1
25,182,511.1,93.0,72.0,192.6,0.7900000214576721,-1,-1,-1
25,183,-62.6,80.5,99.4,254.6,0.6399999856948853,-1,-1,-1
25,185,170.0,92.5,53.7,163.5,0.8999999761581421,-1,-1,-1
25,186,584.3,108.1,51.7,135.7,0.8700000047683716,-1,-1,-1
25,184,470.2,110.2,51.9,123.4,0.7799999713897705,-1,-1,-1
26,179,510.6,84.0,91.6,233.8,0.9100000262260437,-1,-1,-1
26,180,277.0,96.1,81.4,213.2,0.9300000071525574,-1,-1,-1
26,181,415.9,83.1,99.2,236.7,0.9300000071525574,-1,-1,-1
26,182,506.7,92.1,74.0,193.1,0.8600000143051147,-1,-1,-1
26,183,-70.5,78.5,99.5,259.0,0.38999998569488525,-1,-1,-1
26,185,169.9,92.4,53.6,163.8,0.8899999856948853,-1,-1,-1
26,186,584.1,108.1,52.4,135.7,0.8700000047683716,-1,-1,-1
26,184,470.6,110.3,48.9,119.1,0.7400000095367432,-1,-1,-1
27,179,513.9,85.4,91.5,232.3,0.9200000166893005,-1,-1,-1
27,180,282.2,94.6,81.1,213.3,0.9200000166893005,-1,-1,-1
27,181,419.8,82.0,99.2,236.0,0.9300000071525574,-1,-1,-1
27,182,503.8,91.9,76.1,194.1,0.8799999952316284,-1,-1,-1
27,185,169.9,92.3,53.3,163.5,0.8999999761581421,-1,-1,-1
27,186,583.4,107.1,53.4,136.8,0.8500000238418579,-1,-1,-1
27,184,469.2,110.5,48.7,121.0,0.6200000047683716,-1,-1,-1
28,179,518.1,87.1,91.1,230.3,0.9300000071525574,-1,-1,-1
28,180,288.7,93.1,80.9,213.8,0.9200000166893005,-1,-1,-1
28,181,423.7,81.1,99.2,235.9,0.9300000071525574,-1,-1,-1
28,182,501.6,92.7,77.2,192.9,0.8799999952316284,-1,-1,-1
28,185,169.5,92.7,53.1,163.0,0.8899999856948853,-1,-1,-1
28,186,581.3,106.2,54.2,137.9,0.8299999833106995,-1,-1,-1
28,184,464.0,110.7,51.2,129.5,0.3100000023841858,-1,-1,-1
29,179,521.5,88.2,90.8,229.2,0.9300000071525574,-1,-1,-1
29,180,294.6,91.7,80.9,214.8,0.9200000166893005,-1,-1,-1
29,181,427.6,80.3,99.3,235.9,0.9300000071525574,-1,-1,-1
29,182,494.0,92.6,76.5,193.0,0.8299999833106995,-1,-1,-1
29,185,169.5,92.6,53.0,163.0,0.8899999856948853,-1,-1,-1
29,186,580.1,105.5,54.8,138.3,0.8199999928474426,-1,-1,-1
30,179,524.8,89.9,90.1,227.3,0.9300000071525574,-1,-1,-1
30,180,300.9,91.1,81.1,215.1,0.9100000262260437,-1,-1,-1
30,181,430.8,80.1,99.5,236.0,0.9300000071525574,-1,-1,-1
30,182,497.4,91.6,78.4,193.3,0.8999999761581421,-1,-1,-1
30,185,169.3,92.6,52.9,163.0,0.8899999856948853,-1,-1,-1
30,186,580.0,105.1,55.6,138.8,0.800000011920929,-1,-1,-1
31,179,529.6,91.3,89.6,226.0,0.8999999761581421,-1,-1,-1
31,180,305.5,91.0,81.2,215.2,0.9200000166893005,-1,-1,-1
31,181,433.2,80.3,99.4,235.5,0.9300000071525574,-1,-1,-1
31,182,497.4,91.0,80.0,193.2,0.8899999856948853,-1,-1,-1
31,185,169.5,92.6,52.7,162.8,0.8999999761581421,-1,-1,-1
31,186,579.8,104.7,56.7,139.8,0.7400000095367432,-1,-1,-1
32,179,532.5,91.4,89.1,225.6,0.9200000166893005,-1,-1,-1
32,180,309.4,91.9,81.2,214.4,0.9300000071525574,-1,-1,-1
32,181,436.9,80.5,99.8,235.6,0.9300000071525574,-1,-1,-1
32,182,494.9,90.5,80.9,193.2,0.8999999761581421,-1,-1,-1
32,185,169.3,92.7,52.7,163.0,0.8899999856948853,-1,-1,-1
32,186,579.5,104.6,57.8,140.0,0.75,-1,-1,-1
33,179,535.9,89.9,89.3,226.8,0.9100000262260437,-1,-1,-1
33,180,314.0,93.6,80.7,212.7,0.9200000166893005,-1,-1,-1
33,181,439.7,81.7,99.3,233.9,0.9300000071525574,-1,-1,-1
33,182,488.9,90.5,80.4,193.3,0.9100000262260437,-1,-1,-1
33,185,169.5,93.0,52.6,163.1,0.8899999856948853,-1,-1,-1
33,186,578.6,104.0,58.8,140.6,0.7599999904632568,-1,-1,-1
34,179,541.2,89.0,90.0,227.7,0.8999999761581421,-1,-1,-1
34,180,318.2,95.3,80.3,210.5,0.9200000166893005,-1,-1,-1
34,181,443.2,82.9,99.2,232.9,0.9399999976158142,-1,-1,-1
34,182,482.6,90.0,79.5,193.2,0.9100000262260437,-1,-1,-1
34,185,169.5,93.4,52.3,162.2,0.8899999856948853,-1,-1,-1
34,186,578.5,103.5,59.7,142.0,0.47999998927116394,-1,-1,-1
35,179,545.3,87.4,90.2,227.5,0.9100000262260437,-1,-1,-1
35,180,321.4,96.9,79.8,208.1,0.9200000166893005,-1,-1,-1
35,181,446.6,84.9,98.4,230.4,0.9399999976158142,-1,-1,-1
35,182,478.5,90.2,78.4,192.9,0.8999999761581421,-1,-1,-1
35,185,169.6,93.4,52.2,162.0,0.8999999761581421,-1,-1,-1
35,186,578.1,103.8,59.6,141.7,0.25,-1,-1,-1
36,179,547.9,86.1,89.6,226.8,0.8999999761581421,-1,-1,-1
36,180,323.9,97.1,80.3,207.8,0.9200000166893005,-1,-1,-1
36,181,448.8,87.0,97.3,227.9,0.9399999976158142,-1,-1,-1
36,182,473.4,89.8,78.2,193.7,0.8399999737739563,-1,-1,-1
36,185,169.5,93.4,52.2,162.2,0.8999999761581421,-1,-1,-1
36,184,445.3,108.2,53.1,136.8,0.7200000286102295,-1,-1,-1
37,179,550.8,85.4,89.1,225.9,0.9200000166893005,-1,-1,-1
37,180,326.7,96.6,80.7,208.0,0.9300000071525574,-1,-1,-1
37,181,450.6,87.9,96.9,226.7,0.9300000071525574,-1,-1,-1
37,182,468.5,90.0,78.0,193.9,0.7699999809265137,-1,-1,-1
37,185,169.5,93.4,52.2,162.2,0.8899999856948853,-1,-1,-1
37,184,442.5,107.4,52.2,136.6,0.8199999928474426,-1,-1,-1
38,179,553.7,85.2,88.9,225.9,0.9200000166893005,-1,-1,-1
38,180,331.4,96.4,80.5,207.5,0.9200000166893005,-1,-1,-1
38,181,452.0,88.0,96.7,226.4,0.9300000071525574,-1,-1,-1
38,182,466.2,91.4,76.6,192.0,0.6700000166893005,-1,-1,-1
38,185,169.5,93.6,52.0,161.9,0.8899999856948853,-1,-1,-1
38,184,441.0,107.0,51.0,135.5,0.8299999833106995,-1,-1,-1
39,179,555.3,85.4,88.0,225.6,0.9200000166893005,-1,-1,-1
39,180,335.9,95.4,79.7,206.5,0.9300000071525574,-1,-1,-1
39,181,455.3,87.0,96.8,227.2,0.9399999976158142,-1,-1,-1
39,182,467.8,104.4,71.2,179.2,0.25999999046325684,-1,-1,-1
39,185,169.3,93.3,52.0,162.1,0.8999999761581421,-1,-1,-1
39,184,439.6,106.8,50.0,135.2,0.8500000238418579,-1,-1,-1
40,179,557.1,85.8,86.7,224.7,0.9300000071525574,-1,-1,-1
40,180,340.9,94.0,79.3,206.2,0.9300000071525574,-1,-1,-1
40,181,457.7,86.1,96.6,227.8,0.9300000071525574,-1,-1,-1
40,182,470.5,109.9,67.7,172.1,0.20999999344348907,-1,-1,-1
40,185,169.5,93.2,52.0,162.2,0.8999999761581421,-1,-1,-1
40,184,438.6,106.7,49.5,135.4,0.8600000143051147,-1,-1,-1
41,179,560.8,86.2,86.0,224.5,0.9300000071525574,-1,-1,-1
41,180,343.6,92.7,79.2,206.7,0.9300000071525574,-1,-1,-1
41,181,460.7,85.0,95.7,226.5,0.9300000071525574,-1,-1,-1
41,185,169.5,93.1,52.0,162.6,0.8899999856948853,-1,-1,-1
41,184,437.7,106.6,49.0,135.3,0.8700000047683716,-1,-1,-1
42,179,563.3,86.8,85.7,224.2,0.9100000262260437,-1,-1,-1
42,180,345.6,91.5,79.4,207.7,0.9200000166893005,-1,-1,-1
42,181,463.9,84.4,94.6,225.0,0.9200000166893005,-1,-1,-1
42,185,169.3,93.1,51.9,162.4,0.8999999761581421,-1,-1,-1
42,184,436.9,106.7,48.3,135.0,0.8799999952316284,-1,-1,-1
42,182,463.3,96.5,72.0,184.2,0.7699999809265137,-1,-1,-1
43,179,567.3,88.2,85.1,222.9,0.9100000262260437,-1,-1,-1
43,180,349.3,91.6,78.8,207.0,0.9200000166893005,-1,-1,-1
43,181,465.8,83.1,95.0,226.2,0.9200000166893005,-1,-1,-1
43,185,169.0,93.1,52.0,162.7,0.8899999856948853,-1,-1,-1
43,184,435.7,107.2,47.2,134.0,0.8700000047683716,-1,-1,-1
43,182,458.8,93.9,72.4,186.3,0.8500000238418579,-1,-1,-1
44,179,570.4,89.6,84.4,221.4,0.9100000262260437,-1,-1,-1
44,180,352.7,91.7,78.1,206.4,0.9200000166893005,-1,-1,-1
44,181,468.2,82.9,95.1,226.4,0.9100000262260437,-1,-1,-1
44,185,169.3,93.2,51.9,162.7,0.8999999761581421,-1,-1,-1
44,184,434.5,108.2,46.3,132.7,0.8700000047683716,-1,-1,-1
44,182,455.4,93.7,72.1,186.3,0.8600000143051147,-1,-1,-1
45,179,571.8,90.9,83.3,220.0,0.8999999761581421,-1,-1,-1
45,180,357.6,92.3,78.0,205.5,0.9399999976158142,-1,-1,-1
45,181,473.5,82.3,94.6,226.9,0.9300000071525574,-1,-1,-1
45,185,169.4,93.1,51.7,162.4,0.8999999761581421,-1,-1,-1
45,184,431.9,108.4,46.1,132.6,0.8500000238418579,-1,-1,-1
45,182,453.7,92.5,72.3,187.8,0.8700000047683716,-1,-1,-1
46,179,573.2,91.2,82.5,219.3,0.9100000262260437,-1,-1,-1
46,180,362.2,94.4,77.7,203.3,0.9399999976158142,-1,-1,-1
46,181,477.9,82.9,94.0,226.0,0.9300000071525574,-1,-1,-1
46,185,169.3,92.7,51.9,163.3,0.8999999761581421,-1,-1,-1
46,184,431.5,109.1,45.4,131.8,0.8700000047683716,-1,-1,-1
46,182,451.7,93.1,71.5,187.3,0.8999999761581421,-1,-1,-1
47,179,574.1,91.3,81.9,219.1,0.9100000262260437,-1,-1,-1
47,180,366.1,96.2,77.3,201.2,0.9300000071525574,-1,-1,-1
47,181,483.1,83.9,93.7,224.5,0.9300000071525574,-1,-1,-1
47,185,169.3,92.9,51.7,163.0,0.8999999761581421,-1,-1,-1
47,184,430.7,109.8,44.9,131.5,0.8700000047683716,-1,-1,-1
47,182,450.3,92.9,70.9,187.0,0.8999999761581421,-1,-1,-1
48,179,576.1,90.6,81.8,220.1,0.8899999856948853,-1,-1,-1
48,180,368.5,97.7,76.6,199.0,0.9300000071525574,-1,-1,-1
48,181,488.4,85.2,94.2,223.5,0.9300000071525574,-1,-1,-1
48,185,169.2,92.7,51.7,163.2,0.8899999856948853,-1,-1,-1
48,184,430.0,110.3,44.7,131.7,0.8700000047683716,-1,-1,-1
48,182,447.7,92.3,70.3,187.5,0.8999999761581421,-1,-1,-1
49,179,578.6,89.7,81.2,220.6,0.8799999952316284,-1,-1,-1
49,180,370.0,98.0,76.5,198.6,0.9399999976158142,-1,-1,-1
49,181,492.0,86.3,94.6,222.2,0.9300000071525574,-1,-1,-1
49,185,169.4,92.7,51.6,163.0,0.8899999856948853,-1,-1,-1
49,184,426.4,110.1,44.9,131.9,0.8700000047683716,-1,-1,-1
49,182,444.6,91.5,69.7,188.4,0.8999999761581421,-1,-1,-1
50,179,581.3,88.8,80.5,220.2,0.8899999856948853,-1,-1,-1
50,180,372.0,98.0,76.3,198.5,0.9300000071525574,-1,-1,-1
50,181,495.2,87.3,95.1,220.6,0.9300000071525574,-1,-1,-1
50,185,169.3,92.4,51.8,163.7,0.8999999761581421,-1,-1,-1
50,184,425.0,110.0,44.8,131.9,0.8600000143051147,-1,-1,-1
50,182,441.6,91.2,68.6,188.0,0.8999999761581421,-1,-1,-1
51,179,583.5,88.3,80.0,219.7,0.8899999856948853,-1,-1,-1
51,180,375.4,97.3,76.1,198.2,0.9300000071525574,-1,-1,-1
51,181,496.8,88.2,95.5,219.5,0.9200000166893005,-1,-1,-1
51,185,169.3,92.1,51.7,163.6,0.8899999856948853,-1,-1,-1
51,184,423.6,109.4,45.4,133.3,0.8199999928474426,-1,-1,-1
51,182,439.4,90.8,68.1,189.0,0.8999999761581421,-1,-1,-1
52,179,585.3,88.1,79.4,219.2,0.8799999952316284,-1,-1,-1
52,180,380.5,97.0,75.5,197.2,0.9300000071525574,-1,-1,-1
52,181,498.4,88.7,95.7,218.7,0.9300000071525574,-1,-1,-1
52,185,169.3,92.1,51.7,163.7,0.8999999761581421,-1,-1,-1
52,184,422.4,109.3,44.8,131.5,0.7300000190734863,-1,-1,-1
52,182,436.5,90.9,67.6,188.1,0.9100000262260437,-1,-1,-1
52,186,579.3,105.7,55.1,138.0,0.6299999952316284,-1,-1,-1
53,179,586.8,87.4,78.9,218.9,0.8700000047683716,-1,-1,-1
53,180,386.6,95.3,75.5,198.3,0.9200000166893005,-1,-1,-1
53,181,501.1,88.3,96.7,219.1,0.9200000166893005,-1,-1,-1
53,185,169.4,92.0,51.6,163.7,0.8999999761581421,-1,-1,-1
53,184,418.5,109.5,48.5,142.9,0.4099999964237213,-1,-1,-1
53,182,433.3,91.1,67.5,188.1,0.9100000262260437,-1,-1,-1
53,186,579.8,106.0,52.8,137.6,0.7699999809265137,-1,-1,-1
54,179,588.9,87.0,78.6,219.0,0.8100000023841858,-1,-1,-1
54,180,392.7,93.9,75.6,199.5,0.9200000166893005,-1,-1,-1
54,181,504.1,87.9,97.5,219.0,0.9100000262260437,-1,-1,-1
54,185,169.5,91.9,51.5,163.7,0.8999999761581421,-1,-1,-1
54,182,431.1,91.3,67.2,187.2,0.9100000262260437,-1,-1,-1
54,186,580.7,105.6,51.5,138.2,0.800000011920929,-1,-1,-1
55,179,591.0,86.9,78.5,219.3,0.7699999809265137,-1,-1,-1
55,180,397.2,92.4,75.6,200.2,0.9300000071525574,-1,-1,-1
55,181,506.4,87.4,97.8,218.7,0.9200000166893005,-1,-1,-1
55,185,169.7,91.9,51.4,163.7,0.8999999761581421,-1,-1,-1
55,182,427.6,91.3,67.5,187.9,0.8999999761581421,-1,-1,-1
55,186,581.2,103.7,51.2,140.6,0.75,-1,-1,-1
56,179,593.5,87.9,78.2,218.2,0.7599999904632568,-1,-1,-1
56,180,401.2,92.3,75.4,200.2,0.9200000166893005,-1,-1,-1
56,181,511.0,86.2,98.2,218.6,0.9100000262260437,-1,-1,-1
56,185,169.6,91.9,51.3,163.7,0.8999999761581421,-1,-1,-1
56,182,422.0,92.0,68.9,189.4,0.8799999952316284,-1,-1,-1
56,186,582.5,104.5,50.1,140.1,0.7699999809265137,-1,-1,-1
57,179,596.9,89.1,77.2,216.8,0.699999988079071,-1,-1,-1
57,180,403.7,93.7,75.1,198.3,0.8999999761581421,-1,-1,-1
57,181,514.7,85.1,98.2,218.9,0.9200000166893005,-1,-1,-1
57,185,169.6,92.2,51.1,163.4,0.8999999761581421,-1,-1,-1
57,182,418.0,92.9,69.4,188.4,0.8700000047683716,-1,-1,-1
57,186,582.1,105.5,48.8,138.5,0.8299999833106995,-1,-1,-1
58,179,600.2,90.8,75.9,215.3,0.6800000071525574,-1,-1,-1
58,180,406.4,95.6,75.1,196.8,0.8999999761581421,-1,-1,-1
58,181,519.0,84.3,97.7,219.3,0.9200000166893005,-1,-1,-1
58,185,169.5,92.1,51.2,163.7,0.8999999761581421,-1,-1,-1
58,186,580.6,105.0,48.6,139.1,0.8500000238418579,-1,-1,-1
59,179,603.1,95.2,73.6,210.8,0.6100000143051147,-1,-1,-1
59,180,408.9,96.0,75.5,195.8,0.8999999761581421,-1,-1,-1
59,181,522.0,83.7,97.0,219.5,0.9300000071525574,-1,-1,-1
59,185,169.4,92.1,51.1,163.5,0.8999999761581421,-1,-1,-1
59,186,580.7,105.1,48.1,139.2,0.8500000238418579,-1,-1,-1
60,179,606.4,97.9,72.8,209.2,0.6100000143051147,-1,-1,-1
60,180,409.8,95.7,76.1,194.9,0.8999999761581421,-1,-1,-1
60,181,525.4,83.8,96.3,218.9,0.9300000071525574,-1,-1,-1
60,185,169.4,92.1,51.2,163.7,0.8999999761581421,-1,-1,-1
60,186,580.7,105.7,47.8,138.6,0.800000011920929,-1,-1,-1
60,184,407.9,109.0,45.8,130.4,0.7799999713897705,-1,-1,-1
61,179,608.3,100.0,71.9,207.6,0.4300000071525574,-1,-1,-1
61,180,415.6,97.5,75.6,193.0,0.8899999856948853,-1,-1,-1
61,181,528.0,84.2,95.9,219.1,0.9200000166893005,-1,-1,-1
61,185,169.4,92.3,51.1,163.2,0.8999999761581421,-1,-1,-1
61,186,580.3,105.8,48.0,138.8,0.8100000023841858,-1,-1,-1
61,184,408.2,100.2,60.5,165.5,0.8299999833106995,-1,-1,-1
62,179,611.3,100.5,69.1,201.4,0.2800000011920929,-1,-1,-1
62,180,420.7,97.9,75.6,192.9,0.9100000262260437,-1,-1,-1
62,181,531.6,85.9,94.8,217.5,0.9200000166893005,-1,-1,-1
62,185,169.3,92.1,51.3,163.3,0.8799999952316284,-1,-1,-1
62,186,579.4,104.8,48.2,139.7,0.7099999785423279,-1,-1,-1
62,184,404.2,95.4,66.7,177.0,0.8799999952316284,-1,-1,-1
63,179,614.4,97.8,66.4,192.9,0.23999999463558197,-1,-1,-1
63,180,425.7,98.1,75.6,192.9,0.9100000262260437,-1,-1,-1
63,181,536.3,87.1,94.4,216.3,0.9300000071525574,-1,-1,-1
63,185,169.2,92.2,51.6,163.5,0.8899999856948853,-1,-1,-1
63,186,576.1,102.0,49.5,142.9,0.7099999785423279,-1,-1,-1
63,184,401.0,93.8,69.8,181.3,0.8899999856948853,-1,-1,-1
64,179,616.2,96.8,64.7,190.0,0.17000000178813934,-1,-1,-1
64,180,429.0,97.5,75.5,191.9,0.9100000262260437,-1,-1,-1
64,181,538.4,88.0,93.6,215.0,0.9300000071525574,-1,-1,-1
64,185,169.4,92.5,51.7,163.1,0.8999999761581421,-1,-1,-1
64,186,574.8,101.6,49.5,143.0,0.44999998807907104,-1,-1,-1
64,184,398.6,92.7,71.7,183.1,0.8899999856948853,-1,-1,-1
65,179,617.5,98.9,60.1,178.5,0.27000001072883606,-1,-1,-1
65,180,431.6,96.5,75.3,191.2,0.9200000166893005,-1,-1,-1
65,181,540.7,89.0,92.7,213.5,0.9300000071525574,-1,-1,-1
65,185,168.9,92.7,51.8,162.6,0.8899999856948853,-1,-1,-1
65,186,576.2,104.3,48.8,140.4,0.30000001192092896,-1,-1,-1
65,184,395.6,91.5,72.9,184.6,0.8999999761581421,-1,-1,-1
66,179,617.2,101.9,57.3,171.6,0.18000000715255737,-1,-1,-1
66,180,433.8,95.2,75.6,192.1,0.9200000166893005,-1,-1,-1
66,181,543.2,89.7,91.7,212.3,0.9300000071525574,-1,-1,-1
66,185,168.7,92.5,52.3,163.0,0.8799999952316284,-1,-1,-1
66,186,577.7,107.4,48.5,138.2,0.20000000298023224,-1,-1,-1
66,184,392.6,90.8,73.4,185.7,0.8999999761581421,-1,-1,-1
67,179,617.2,105.6,54.4,166.0,0.20999999344348907,-1,-1,-1
67,180,437.0,94.1,75.5,192.8,0.9200000166893005,-1,-1,-1
67,181,545.5,89.2,91.5,212.8,0.9200000166893005,-1,-1,-1
67,185,168.8,92.9,52.6,162.5,0.8899999856948853,-1,-1,-1
67,186,581.6,116.0,45.2,128.8,0.25999999046325684,-1,-1,-1
67,184,389.8,90.4,73.2,186.4,0.9100000262260437,-1,-1,-1
68,179,615.6,107.2,52.4,163.4,0.44999998807907104,-1,-1,-1
68,180,439.5,93.1,75.5,194.0,0.9200000166893005,-1,-1,-1
68,181,547.7,88.6,91.1,213.2,0.9100000262260437,-1,-1,-1
68,185,168.8,92.5,53.2,163.2,0.8899999856948853,-1,-1,-1
68,186,578.7,120.6,43.5,122.8,0.1899999976158142,-1,-1,-1
68,184,386.5,90.5,72.4,186.2,0.9100000262260437,-1,-1,-1
69,179,613.0,106.9,51.5,163.8,0.5799999833106995,-1,-1,-1
69,180,440.8,92.5,75.2,193.6,0.9200000166893005,-1,-1,-1
69,181,549.8,87.5,90.8,213.9,0.9100000262260437,-1,-1,-1
69,185,169.2,92.5,53.6,163.5,0.8899999856948853,-1,-1,-1
69,186,566.5,107.9,48.9,135.7,0.3700000047683716,-1,-1,-1
69,184,384.1,90.8,71.5,185.6,0.9100000262260437,-1,-1,-1
70,179,610.9,105.6,51.6,166.1,0.6499999761581421,-1,-1,-1
70,180,444.6,92.0,75.0,194.0,0.9200000166893005,-1,-1,-1
70,181,551.5,86.2,90.1,213.6,0.9100000262260437,-1,-1,-1
70,185,169.2,92.7,53.9,163.3,0.8899999856948853,-1,-1,-1
70,186,560.7,100.1,52.8,145.4,0.49000000953674316,-1,-1,-1
70,184,381.8,91.1,70.9,185.3,0.9100000262260437,-1,-1,-1
71,179,609.1,105.8,50.8,165.3,0.4399999976158142,-1,-1,-1
71,180,448.3,92.6,74.5,193.2,0.9300000071525574,-1,-1,-1
71,181,554.1,85.2,89.3,213.1,0.9200000166893005,-1,-1,-1
71,185,169.4,92.4,54.4,163.6,0.8899999856948853,-1,-1,-1
71,186,562.3,99.0,54.0,146.7,0.27000001072883606,-1,-1,-1
71,184,379.8,91.4,70.2,185.1,0.9100000262260437,-1,-1,-1
72,179,605.9,105.8,49.9,163.3,0.4000000059604645,-1,-1,-1
72,180,451.4,93.5,73.9,192.3,0.9300000071525574,-1,-1,-1
72,181,556.6,84.0,88.9,214.1,0.9100000262260437,-1,-1,-1
72,185,170.1,91.9,54.7,163.8,0.8899999856948853,-1,-1,-1
72,186,564.6,98.9,54.9,147.5,0.23000000417232513,-1,-1,-1
72,184,378.1,91.8,69.5,184.7,0.9100000262260437,-1,-1,-1
73,179,603.5,106.4,50.5,165.3,0.10000000149011612,-1,-1,-1
73,180,453.5,94.5,73.0,191.3,0.9300000071525574,-1,-1,-1
73,181,559.5,83.5,88.1,214.4,0.9100000262260437,-1,-1,-1
73,185,170.3,92.1,55.2,163.8,0.8899999856948853,-1,-1,-1
73,186,566.0,104.2,53.3,141.9,0.5099999904632568,-1,-1,-1
73,184,376.0,92.7,68.4,183.3,0.9200000166893005,-1,-1,-1
74,179,602.2,106.9,49.8,163.4,0.14000000059604645,-1,-1,-1
74,180,456.2,95.6,72.0,189.4,0.9300000071525574,-1,-1,-1
74,181,562.6,83.9,86.6,213.1,0.9200000166893005,-1,-1,-1
74,185,170.7,92.2,55.5,163.5,0.8999999761581421,-1,-1,-1
74,186,564.1,106.7,52.1,139.2,0.7699999809265137,-1,-1,-1
74,184,374.5,93.6,67.7,182.3,0.9100000262260437,-1,-1,-1
74,187,392.0,105.5,52.4,137.6,0.8500000238418579,-1,-1,-1
75,180,459.1,96.2,71.5,188.4,0.9200000166893005,-1,-1,-1
75,181,565.3,84.1,85.9,212.9,0.8999999761581421,-1,-1,-1
75,185,171.3,92.4,55.9,163.2,0.8999999761581421,-1,-1,-1
75,186,559.0,108.0,51.6,138.2,0.7799999713897705,-1,-1,-1
75,184,372.2,94.4,67.3,181.9,0.9100000262260437,-1,-1,-1
75,187,391.2,105.5,52.7,138.1,0.8500000238418579,-1,-1,-1
76,180,461.0,95.8,71.9,188.6,0.9300000071525574,-1,-1,-1
76,181,567.2,85.2,84.6,211.2,0.8700000047683716,-1,-1,-1
76,185,171.6,92.3,56.5,163.5,0.8999999761581421,-1,-1,-1
76,186,557.2,108.2,50.9,138.1,0.8100000023841858,-1,-1,-1
76,184,369.7,94.6,67.1,182.1,0.8999999761581421,-1,-1,-1
76,187,391.0,105.8,52.5,137.4,0.8600000143051147,-1,-1,-1
77,180,463.6,95.5,72.0,188.0,0.9200000166893005,-1,-1,-1
77,181,569.9,86.4,83.3,209.5,0.8700000047683716,-1,-1,-1
77,185,171.8,92.2,57.1,163.4,0.8999999761581421,-1,-1,-1
77,186,555.0,107.7,51.1,139.3,0.8299999833106995,-1,-1,-1
77,184,367.2,95.4,66.3,180.1,0.9100000262260437,-1,-1,-1
77,187,390.4,106.1,52.3,136.7,0.8600000143051147,-1,-1,-1
78,180,467.1,94.8,72.3,187.7,0.9200000166893005,-1,-1,-1
78,181,575.4,88.0,82.6,208.3,0.8500000238418579,-1,-1,-1
78,185,172.3,92.3,57.5,163.1,0.9100000262260437,-1,-1,-1
78,186,553.6,107.0,51.4,140.9,0.8399999737739563,-1,-1,-1
78,184,364.2,95.6,65.9,179.1,0.9100000262260437,-1,-1,-1
78,187,390.1,106.7,52.5,136.7,0.8700000047683716,-1,-1,-1
79,180,471.0,94.2,72.5,187.5,0.9200000166893005,-1,-1,-1
79,181,578.6,89.2,81.5,206.5,0.8399999737739563,-1,-1,-1
79,185,172.9,92.6,57.9,162.9,0.9100000262260437,-1,-1,-1
79,186,552.5,106.7,51.8,141.6,0.8299999833106995,-1,-1,-1
79,184,362.2,95.5,65.6,178.7,0.9100000262260437,-1,-1,-1
79,187,390.9,107.1,52.4,136.3,0.8700000047683716,-1,-1,-1
80,180,476.2,93.6,72.5,187.7,0.9200000166893005,-1,-1,-1
80,181,580.9,89.9,80.8,205.4,0.8399999737739563,-1,-1,-1
80,185,173.1,93.2,58.3,162.5,0.9100000262260437,-1,-1,-1
80,186,549.8,106.5,51.8,141.1,0.8399999737739563,-1,-1,-1
80,184,360.5,95.0,65.2,178.5,0.9100000262260437,-1,-1,-1
80,187,391.1,107.3,52.6,136.6,0.8799999952316284,-1,-1,-1
81,180,479.2,93.6,72.6,187.2,0.9100000262260437,-1,-1,-1
81,181,583.2,89.0,80.9,206.4,0.8500000238418579,-1,-1,-1
81,185,173.6,92.9,58.7,162.7,0.9200000166893005,-1,-1,-1
81,186,548.2,106.8,53.6,145.7,0.7699999809265137,-1,-1,-1
81,184,358.8,94.0,64.9,179.2,0.9200000166893005,-1,-1,-1
81,187,391.3,107.5,52.8,137.3,0.8799999952316284,-1,-1,-1
81,179,577.8,111.0,54.1,161.7,0.7099999785423279,-1,-1,-1
82,180,480.3,93.9,73.3,186.9,0.8999999761581421,-1,-1,-1
82,181,585.0,88.1,81.9,208.0,0.8500000238418579,-1,-1,-1
82,185,174.4,93.3,59.1,162.4,0.9200000166893005,-1,-1,-1
82,186,545.0,106.3,53.1,144.1,0.6800000071525574,-1,-1,-1
82,184,357.0,93.4,64.5,179.2,0.9200000166893005,-1,-1,-1
82,187,390.9,107.3,53.1,137.6,0.8799999952316284,-1,-1,-1
82,179,573.2,111.8,57.5,161.1,0.8899999856948853,-1,-1,-1
83,180,482.3,94.5,74.0,186.8,0.8899999856948853,-1,-1,-1
83,181,586.6,86.7,81.5,208.8,0.7799999713897705,-1,-1,-1
83,185,175.1,93.6,59.4,161.9,0.9200000166893005,-1,-1,-1
83,186,546.0,107.4,49.9,135.7,0.6399999856948853,-1,-1,-1
83,184,355.0,92.7,64.1,178.8,0.9200000166893005,-1,-1,-1
83,187,390.8,106.9,53.0,137.3,0.8899999856948853,-1,-1,-1
83,179,567.5,111.8,59.5,161.3,0.8700000047683716,-1,-1,-1
84,180,488.9,96.0,73.5,185.0,0.9100000262260437,-1,-1,-1
84,181,590.7,84.8,81.7,209.3,0.8199999928474426,-1,-1,-1
84,185,175.7,93.3,59.9,162.1,0.9200000166893005,-1,-1,-1
84,186,546.6,108.4,48.7,133.5,0.6000000238418579,-1,-1,-1
84,184,353.6,92.3,63.8,178.6,0.9200000166893005,-1,-1,-1
84,187,390.8,106.5,53.1,137.1,0.8899999856948853,-1,-1,-1
84,179,560.9,111.0,60.4,161.9,0.8899999856948853,-1,-1,-1
85,180,491.7,97.8,72.9,182.7,0.8899999856948853,-1,-1,-1
85,181,595.0,84.6,80.0,206.5,0.7900000214576721,-1,-1,-1
85,185,176.5,94.0,60.1,161.2,0.9200000166893005,-1,-1,-1
85,186,544.8,108.5,50.2,139.3,0.3499999940395355,-1,-1,-1
85,184,352.1,91.6,63.4,178.2,0.9200000166893005,-1,-1,-1
85,187,390.9,106.4,53.2,137.3,0.8899999856948853,-1,-1,-1
85,179,557.3,109.9,61.4,163.5,0.8899999856948853,-1,-1,-1
86,180,494.8,98.9,72.7,181.1,0.9200000166893005,-1,-1,-1
86,181,600.1,84.5,78.5,205.2,0.699999988079071,-1,-1,-1
86,185,177.0,94.3,60.5,160.7,0.9200000166893005,-1,-1,-1
86,186,541.8,108.9,50.2,141.6,0.30000001192092896,-1,-1,-1
86,184,349.9,91.5,63.4,178.6,0.9100000262260437,-1,-1,-1
86,187,391.2,106.1,53.5,137.7,0.8999999761581421,-1,-1,-1
86,179,553.9,108.8,61.7,164.6,0.8700000047683716,-1,-1,-1
87,180,497.1,99.4,73.2,180.5,0.9200000166893005,-1,-1,-1
87,181,604.8,84.4,77.6,205.5,0.5299999713897705,-1,-1,-1
87,185,177.5,94.6,60.9,160.5,0.9200000166893005,-1,-1,-1
87,186,542.0,109.8,50.1,142.3,0.1899999976158142,-1,-1,-1
87,184,348.5,91.8,63.2,178.3,0.9200000166893005,-1,-1,-1
87,187,390.9,105.9,53.6,137.7,0.8999999761581421,-1,-1,-1
87,179,553.7,108.6,62.7,164.6,0.8700000047683716,-1,-1,-1
88,180,498.4,99.4,74.0,181.3,0.9200000166893005,-1,-1,-1
88,181,607.1,83.6,76.8,207.0,0.41999998688697815,-1,-1,-1
88,185,178.0,94.8,61.4,160.2,0.9200000166893005,-1,-1,-1
88,186,541.8,110.1,51.4,147.3,0.3100000023841858,-1,-1,-1
88,184,346.2,92.0,63.4,178.6,0.9300000071525574,-1,-1,-1
88,187,390.2,105.7,54.0,138.1,0.8999999761581421,-1,-1,-1
88,179,552.3,108.0,63.6,165.4,0.8700000047683716,-1,-1,-1
89,180,501.7,100.0,74.2,180.9,0.9200000166893005,-1,-1,-1
89,181,609.4,87.8,72.6,199.6,0.4399999976158142,-1,-1,-1
89,185,178.4,94.9,61.9,160.1,0.9200000166893005,-1,-1,-1
89,184,343.0,92.3,63.7,178.5,0.9300000071525574,-1,-1,-1
89,187,389.7,105.7,54.3,138.1,0.8899999856948853,-1,-1,-1
89,179,549.0,108.3,64.1,165.2,0.8299999833106995,-1,-1,-1
90,180,505.6,99.2,74.4,181.7,0.9200000166893005,-1,-1,-1
90,181,611.0,87.3,73.4,206.0,0.25999999046325684,-1,-1,-1
90,185,178.8,94.6,62.5,160.5,0.9300000071525574,-1,-1,-1
90,184,338.8,92.6,64.4,177.9,0.9300000071525574,-1,-1,-1
90,187,389.4,105.7,54.7,138.2,0.8999999761581421,-1,-1,-1
90,179,541.5,109.5,63.6,163.7,0.8600000143051147,-1,-1,-1
91,180,510.8,98.3,73.8,181.4,0.8999999761581421,-1,-1,-1
91,181,612.8,89.4,71.2,204.2,0.15000000596046448,-1,-1,-1
91,185,179.2,94.2,62.9,160.7,0.9200000166893005,-1,-1,-1
91,184,334.2,92.5,65.5,177.7,0.9300000071525574,-1,-1,-1
91,187,389.0,105.8,55.0,138.3,0.8899999856948853,-1,-1,-1
91,179,537.2,109.6,64.1,164.1,0.8199999928474426,-1,-1,-1
92,180,516.6,98.2,73.0,180.1,0.8999999761581421,-1,-1,-1
92,185,179.9,94.1,63.0,160.5,0.9200000166893005,-1,-1,-1
92,184,331.0,92.8,66.5,177.2,0.9200000166893005,-1,-1,-1
92,187,388.0,106.0,55.1,138.3,0.8899999856948853,-1,-1,-1
92,179,533.2,110.0,64.5,162.9,0.7900000214576721,-1,-1,-1
93,180,520.7,97.1,73.7,180.3,0.8899999856948853,-1,-1,-1
93,185,181.0,94.3,63.0,160.3,0.9300000071525574,-1,-1,-1
93,184,327.8,93.5,67.5,176.5,0.9200000166893005,-1,-1,-1
93,187,387.2,106.0,55.4,138.1,0.8999999761581421,-1,-1,-1
93,179,534.1,113.8,63.0,159.0,0.4399999976158142,-1,-1,-1
94,180,523.4,96.8,73.8,180.0,0.8600000143051147,-1,-1,-1
94,185,181.9,94.3,63.1,160.4,0.9300000071525574,-1,-1,-1
94,184,326.1,94.4,68.0,175.4,0.9100000262260437,-1,-1,-1
94,187,386.3,105.8,55.9,138.5,0.8999999761581421,-1,-1,-1
95,180,525.3,96.7,73.8,179.4,0.8600000143051147,-1,-1,-1
95,185,182.4,94.1,63.1,160.4,0.9300000071525574,-1,-1,-1
95,184,324.5,94.9,68.6,174.8,0.9200000166893005,-1,-1,-1
95,187,384.7,106.0,56.5,138.6,0.8999999761581421,-1,-1,-1
95,179,517.2,107.8,65.0,163.3,0.6700000166893005,-1,-1,-1
96,180,531.0,98.4,73.3,177.9,0.8899999856948853,-1,-1,-1
96,185,182.8,93.7,63.1,160.4,0.9300000071525574,-1,-1,-1
96,184,323.9,95.4,68.6,173.6,0.9200000166893005,-1,-1,-1
96,187,384.6,106.1,56.9,138.6,0.9100000262260437,-1,-1,-1
96,179,514.7,108.7,65.6,162.6,0.8500000238418579,-1,-1,-1
97,180,538.5,99.6,73.3,176.6,0.8999999761581421,-1,-1,-1
97,185,183.3,93.9,62.9,159.7,0.9300000071525574,-1,-1,-1
97,184,322.5,95.8,68.5,172.5,0.9200000166893005,-1,-1,-1
97,187,384.7,106.4,57.3,138.4,0.8999999761581421,-1,-1,-1
97,179,512.7,111.1,65.4,161.1,0.8799999952316284,-1,-1,-1
98,180,543.7,100.5,73.5,175.4,0.9100000262260437,-1,-1,-1
98,185,183.3,93.8,62.9,159.6,0.9300000071525574,-1,-1,-1
98,184,321.1,95.5,68.9,173.1,0.9200000166893005,-1,-1,-1
98,187,383.8,106.6,57.7,138.4,0.9100000262260437,-1,-1,-1
98,179,508.9,112.6,63.7,157.8,0.8500000238418579,-1,-1,-1
99,180,546.6,101.2,73.5,173.6,0.9100000262260437,-1,-1,-1
99,185,183.3,93.6,63.0,159.5,0.9300000071525574,-1,-1,-1
99,184,319.7,94.5,69.2,173.7,0.9200000166893005,-1,-1,-1
99,187,382.9,106.6,58.3,138.3,0.9100000262260437,-1,-1,-1
99,179,505.6,112.7,62.9,157.4,0.8799999952316284,-1,-1,-1
99,186,532.1,107.6,49.9,143.6,0.7099999785423279,-1,-1,-1
100,180,547.3,101.5,73.8,173.6,0.9100000262260437,-1,-1,-1
100,185,183.3,93.8,63.0,159.3,0.9300000071525574,-1,-1,-1
100,184,318.2,93.6,69.4,174.4,0.9200000166893005,-1,-1,-1
100,187,382.0,106.6,58.8,138.5,0.8999999761581421,-1,-1,-1
100,179,502.3,111.6,62.5,158.2,0.8799999952316284,-1,-1,-1
100,186,530.4,107.9,49.8,143.9,0.7699999809265137,-1,-1,-1
101,180,548.9,101.3,73.8,173.7,0.9200000166893005,-1,-1,-1
101,185,183.1,93.9,63.1,159.3,0.9300000071525574,-1,-1,-1
101,184,316.6,92.8,69.7,175.6,0.9200000166893005,-1,-1,-1
101,187,381.3,106.1,59.5,139.2,0.8999999761581421,-1,-1,-1
101,179,498.9,110.7,61.8,158.6,0.8899999856948853,-1,-1,-1
101,186,526.1,108.7,50.5,148.8,0.7799999713897705,-1,-1,-1
102,180,550.4,101.0,73.8,174.3,0.9300000071525574,-1,-1,-1
102,185,182.9,94.1,63.1,159.0,0.9300000071525574,-1,-1,-1
102,184,314.2,92.6,69.5,175.9,0.9200000166893005,-1,-1,-1
102,187,380.8,105.8,60.1,139.6,0.9100000262260437,-1,-1,-1
102,179,496.9,110.0,61.6,159.6,0.8700000047683716,-1,-1,-1
102,186,526.1,109.0,49.5,145.4,0.800000011920929,-1,-1,-1
103,180,553.0,100.3,73.1,173.8,0.9300000071525574,-1,-1,-1
103,185,182.7,93.8,63.3,159.3,0.9300000071525574,-1,-1,-1
103,184,311.9,91.9,69.1,176.0,0.9300000071525574,-1,-1,-1
103,187,380.2,105.5,60.5,139.9,0.9100000262260437,-1,-1,-1
103,179,493.2,109.6,61.1,160.0,0.8899999856948853,-1,-1,-1
103,186,528.7,108.8,49.7,143.7,0.8700000047683716,-1,-1,-1
104,180,557.0,99.3,72.2,173.9,0.9300000071525574,-1,-1,-1
104,185,182.2,93.5,63.5,159.7,0.9399999976158142,-1,-1,-1
104,184,310.0,91.7,68.6,175.5,0.9300000071525574,-1,-1,-1
104,187,379.8,105.1,61.0,140.2,0.9100000262260437,-1,-1,-1
104,179,490.0,109.4,60.4,160.0,0.9100000262260437,-1,-1,-1
104,186,528.7,108.8,50.3,143.0,0.8700000047683716,-1,-1,-1
105,180,560.7,97.4,72.1,175.4,0.9300000071525574,-1,-1,-1
105,185,182.0,93.3,63.5,159.8,0.9300000071525574,-1,-1,-1
105,184,308.2,91.7,68.2,175.3,0.9300000071525574,-1,-1,-1
105,187,379.4,104.8,61.4,140.5,0.9100000262260437,-1,-1,-1
105,179,484.6,109.5,60.4,159.6,0.9100000262260437,-1,-1,-1
105,186,527.2,108.2,51.1,143.0,0.8700000047683716,-1,-1,-1
106,180,565.2,96.0,72.1,176.4,0.9100000262260437,-1,-1,-1
106,185,181.6,93.3,63.6,159.9,0.9300000071525574,-1,-1,-1
106,184,306.8,91.7,67.8,175.0,0.9200000166893005,-1,-1,-1
106,187,379.4,104.7,61.5,140.7,0.9100000262260437,-1,-1,-1
106,179,477.9,109.7,61.3,159.4,0.9100000262260437,-1,-1,-1
106,186,525.5,107.0,52.2,143.9,0.8700000047683716,-1,-1,-1
107,180,569.8,95.2,71.7,176.8,0.8999999761581421,-1,-1,-1
107,185,181.4,93.3,63.6,159.7,0.9300000071525574,-1,-1,-1
107,184,305.9,92.1,66.9,173.5,0.9300000071525574,-1,-1,-1
107,187,379.2,104.5,61.7,141.2,0.9100000262260437,-1,-1,-1
107,179,472.0,110.5,62.4,158.6,0.8999999761581421,-1,-1,-1
107,186,524.2,106.3,53.2,144.5,0.8500000238418579,-1,-1,-1
108,180,571.5,94.6,72.9,178.3,0.8700000047683716,-1,-1,-1
108,185,181.3,93.3,63.6,159.6,0.9300000071525574,-1,-1,-1
108,184,305.0,92.6,66.1,172.4,0.9300000071525574,-1,-1,-1
108,187,379.1,104.5,61.8,141.5,0.9100000262260437,-1,-1,-1
108,179,466.8,111.5,63.8,157.4,0.9100000262260437,-1,-1,-1
108,186,524.2,105.4,55.0,145.9,0.8299999833106995,-1,-1,-1
109,180,577.3,95.8,72.1,177.0,0.8899999856948853,-1,-1,-1
109,185,181.1,93.2,63.8,159.8,0.9399999976158142,-1,-1,-1
109,184,304.0,92.3,66.1,173.1,0.9399999976158142,-1,-1,-1
109,187,378.4,104.5,62.0,142.1,0.9100000262260437,-1,-1,-1
109,179,463.0,111.9,65.6,156.8,0.9200000166893005,-1,-1,-1
109,186,521.4,105.0,55.9,146.3,0.8399999737739563,-1,-1,-1
110,180,580.7,96.7,71.3,176.0,0.9100000262260437,-1,-1,-1
110,185,181.0,92.7,64.0,160.3,0.9300000071525574,-1,-1,-1
110,184,303.1,93.0,65.6,172.4,0.9300000071525574,-1,-1,-1
110,187,378.5,104.6,62.2,142.2,0.9100000262260437,-1,-1,-1
110,179,460.7,112.8,67.2,156.0,0.9200000166893005,-1,-1,-1
110,186,522.8,104.6,58.4,146.8,0.8799999952316284,-1,-1,-1
111,180,582.3,97.3,70.2,174.7,0.9100000262260437,-1,-1,-1
111,185,181.2,93.0,64.0,160.0,0.9300000071525574,-1,-1,-1
111,184,302.4,93.2,65.3,172.6,0.9300000071525574,-1,-1,-1
111,187,378.6,104.9,62.1,141.9,0.9100000262260437,-1,-1,-1
111,179,459.4,113.3,68.7,154.8,0.9200000166893005,-1,-1,-1
111,186,520.0,104.7,60.5,147.2,0.8500000238418579,-1,-1,-1
112,180,584.4,97.8,69.0,173.8,0.8999999761581421,-1,-1,-1
112,185,181.4,93.0,64.0,159.9,0.9300000071525574,-1,-1,-1
112,184,301.6,94.0,64.9,172.1,0.9300000071525574,-1,-1,-1
112,187,379.1,105.1,62.3,142.2,0.8999999761581421,-1,-1,-1
112,179,458.1,113.6,70.2,154.7,0.9300000071525574,-1,-1,-1
112,186,517.0,105.0,62.2,147.3,0.8700000047683716,-1,-1,-1
113,180,586.2,98.2,67.8,173.6,0.8899999856948853,-1,-1,-1
113,185,181.6,92.9,64.1,160.1,0.9300000071525574,-1,-1,-1
113,184,300.8,94.3,64.5,171.5,0.9200000166893005,-1,-1,-1
113,187,379.2,105.2,62.6,142.5,0.9100000262260437,-1,-1,-1
113,179,457.0,114.1,71.5,154.5,0.9300000071525574,-1,-1,-1
113,186,515.1,105.7,63.5,146.6,0.8799999952316284,-1,-1,-1
114,180,588.3,98.0,66.7,173.7,0.8799999952316284,-1,-1,-1
114,185,181.8,92.9,64.1,160.0,0.9300000071525574,-1,-1,-1
114,184,300.2,94.6,64.0,170.9,0.9300000071525574,-1,-1,-1
114,187,380.7,105.8,62.5,142.4,0.9100000262260437,-1,-1,-1
114,179,455.4,113.7,72.7,154.6,0.9200000166893005,-1,-1,-1
114,186,512.9,106.8,64.7,146.1,0.8600000143051147,-1,-1,-1
115,180,590.6,98.0,65.7,174.4,0.8700000047683716,-1,-1,-1
115,185,182.3,93.1,64.1,159.9,0.9200000166893005,-1,-1,-1
115,184,299.3,95.2,63.6,170.3,0.9200000166893005,-1,-1,-1
115,187,382.2,106.7,62.2,141.7,0.9100000262260437,-1,-1,-1
115,179,452.6,113.2,73.3,155.0,0.9100000262260437,-1,-1,-1
115,186,507.8,108.0,64.9,145.7,0.8500000238418579,-1,-1,-1
116,180,593.0,97.2,63.9,172.7,0.8600000143051147,-1,-1,-1
116,185,182.8,93.3,63.9,159.5,0.9300000071525574,-1,-1,-1
116,184,298.6,95.4,63.0,169.2,0.9200000166893005,-1,-1,-1
116,187,382.3,107.1,62.6,142.3,0.9100000262260437,-1,-1,-1
116,179,449.9,112.4,73.5,155.3,0.9100000262260437,-1,-1,-1
116,186,506.5,108.8,65.9,145.2,0.8700000047683716,-1,-1,-1
117,180,595.2,96.1,63.0,173.3,0.8199999928474426,-1,-1,-1
117,185,183.4,93.0,64.0,159.8,0.9300000071525574,-1,-1,-1
117,184,297.8,95.2,62.8,169.3,0.9200000166893005,-1,-1,-1
117,187,383.1,107.0,63.0,142.9,0.9100000262260437,-1,-1,-1
117,179,445.6,112.1,73.1,155.1,0.8999999761581421,-1,-1,-1
117,186,504.8,109.0,66.4,145.0,0.8700000047683716,-1,-1,-1
118,180,599.0,94.4,62.2,173.8,0.8399999737739563,-1,-1,-1
118,185,184.1,92.7,64.2,160.0,0.9300000071525574,-1,-1,-1
118,184,297.2,95.1,62.5,169.3,0.9300000071525574,-1,-1,-1
118,187,384.0,106.9,63.4,143.1,0.8999999761581421,-1,-1,-1
118,179,441.0,111.3,72.1,155.5,0.8999999761581421,-1,-1,-1
118,186,503.0,108.8,67.0,145.3,0.8700000047683716,-1,-1,-1
119,180,602.0,93.0,62.0,175.2,0.8399999737739563,-1,-1,-1
119,185,185.0,92.2,64.3,160.5,0.9200000166893005,-1,-1,-1
119,184,296.5,94.2,62.2,169.3,0.9300000071525574,-1,-1,-1
119,187,384.5,106.8,64.0,143.4,0.8999999761581421,-1,-1,-1
119,179,436.0,110.7,70.9,155.9,0.8999999761581421,-1,-1,-1
119,186,499.9,108.6,66.7,145.4,0.8799999952316284,-1,-1,-1
120,180,604.5,93.3,61.4,175.4,0.8199999928474426,-1,-1,-1
120,185,185.7,91.8,64.4,160.9,0.9200000166893005,-1,-1,-1
120,184,296.0,93.3,62.1,169.7,0.9200000166893005,-1,-1,-1
120,187,385.2,106.8,63.9,143.3,0.8899999856948853,-1,-1,-1
120,179,431.8,110.3,69.3,156.3,0.8999999761581421,-1,-1,-1
120,186,498.6,107.8,66.9,146.5,0.8700000047683716,-1,-1,-1
121,180,607.2,93.5,60.5,174.4,0.8299999833106995,-1,-1,-1
121,185,187.1,91.9,64.4,160.9,0.9100000262260437,-1,-1,-1
121,184,295.7,93.1,61.8,169.9,0.9200000166893005,-1,-1,-1
121,187,385.2,106.6,64.0,143.4,0.8899999856948853,-1,-1,-1
121,179,428.3,110.3,68.0,157.1,0.9100000262260437,-1,-1,-1
121,186,495.9,106.8,66.7,147.4,0.8799999952316284,-1,-1,-1
122,180,609.6,94.7,59.7,172.9,0.7900000214576721,-1,-1,-1
122,185,187.8,91.6,64.6,161.1,0.9200000166893005,-1,-1,-1
122,184,295.5,92.3,61.3,168.8,0.9200000166893005,-1,-1,-1
122,187,385.2,106.2,64.1,144.0,0.8899999856948853,-1,-1,-1
122,179,426.1,110.4,66.4,157.1,0.8999999761581421,-1,-1,-1
122,186,493.4,106.2,66.5,148.2,0.8899999856948853,-1,-1,-1
123,180,611.2,97.0,58.3,170.6,0.6899999976158142,-1,-1,-1
123,185,188.5,91.7,64.7,161.1,0.9300000071525574,-1,-1,-1
123,184,295.1,91.7,61.0,168.4,0.9300000071525574,-1,-1,-1
123,187,385.3,106.1,63.9,144.0,0.8899999856948853,-1,-1,-1
123,179,423.5,111.1,65.3,156.4,0.8899999856948853,-1,-1,-1
123,186,494.7,105.6,67.2,148.9,0.8799999952316284,-1,-1,-1
124,180,613.3,103.6,55.4,163.3,0.5899999737739563,-1,-1,-1
124,185,189.1,91.7,64.6,160.7,0.9300000071525574,-1,-1,-1
124,184,294.6,91.5,60.8,168.6,0.9200000166893005,-1,-1,-1
124,187,385.5,106.2,63.7,144.2,0.8899999856948853,-1,-1,-1
124,179,419.6,111.9,64.7,155.7,0.8999999761581421,-1,-1,-1
124,186,495.0,105.4,67.7,148.7,0.8899999856948853,-1,-1,-1
125,180,617.0,105.7,54.0,161.0,0.4000000059604645,-1,-1,-1
125,185,189.5,91.6,64.6,160.6,0.9300000071525574,-1,-1,-1
125,184,293.6,91.4,60.5,168.7,0.9300000071525574,-1,-1,-1
125,187,385.1,106.6,63.9,144.7,0.8799999952316284,-1,-1,-1
125,179,415.9,113.0,64.3,154.3,0.9100000262260437,-1,-1,-1
125,186,492.8,105.4,68.2,149.1,0.8799999952316284,-1,-1,-1
126,180,619.7,104.8,53.7,162.0,0.30000001192092896,-1,-1,-1
126,185,190.0,91.3,64.6,160.5,0.9300000071525574,-1,-1,-1
126,184,292.6,91.3,60.3,169.0,0.9200000166893005,-1,-1,-1
126,187,385.0,106.7,64.7,146.5,0.8700000047683716,-1,-1,-1
126,179,413.6,114.2,64.3,153.1,0.9100000262260437,-1,-1,-1
126,186,487.2,105.6,68.1,149.0,0.8799999952316284,-1,-1,-1
127,180,622.0,104.4,53.3,162.2,0.14000000059604645,-1,-1,-1
127,185,190.2,91.2,64.6,160.5,0.9300000071525574,-1,-1,-1
127,184,291.4,91.0,60.5,170.0,0.9300000071525574,-1,-1,-1
127,187,385.9,107.1,64.2,145.2,0.8700000047683716,-1,-1,-1
127,179,411.4,114.7,64.5,152.2,0.9200000166893005,-1,-1,-1
127,186,483.7,105.9,67.8,148.7,0.8899999856948853,-1,-1,-1
128,185,190.3,91.4,64.6,160.5,0.9300000071525574,-1,-1,-1
128,184,289.5,91.0,60.8,170.3,0.9300000071525574,-1,-1,-1
128,187,386.9,107.7,63.8,143.9,0.8600000143051147,-1,-1,-1
128,179,409.2,115.6,64.7,150.9,0.9200000166893005,-1,-1,-1
128,186,483.7,106.9,68.4,148.2,0.8799999952316284,-1,-1,-1
129,185,190.5,91.5,64.5,160.3,0.9300000071525574,-1,-1,-1
129,184,286.0,91.3,61.4,170.0,0.9300000071525574,-1,-1,-1
129,187,386.6,108.4,64.3,145.2,0.8700000047683716,-1,-1,-1
129,179,408.2,115.8,65.1,150.6,0.9100000262260437,-1,-1,-1
129,186,482.3,107.6,69.5,147.9,0.8799999952316284,-1,-1,-1
130,185,190.5,91.6,64.5,160.4,0.9300000071525574,-1,-1,-1
130,184,282.8,91.7,62.3,169.7,0.9300000071525574,-1,-1,-1
130,187,386.9,108.7,64.4,145.8,0.8399999737739563,-1,-1,-1
130,179,406.9,115.7,65.3,150.5,0.8999999761581421,-1,-1,-1
130,186,478.6,108.3,69.7,147.5,0.8700000047683716,-1,-1,-1
131,185,190.5,91.6,64.2,159.9,0.9300000071525574,-1,-1,-1
131,184,280.1,91.8,63.4,169.1,0.9300000071525574,-1,-1,-1
131,187,388.9,109.0,62.5,142.4,0.7300000190734863,-1,-1,-1
131,179,401.1,115.2,65.9,150.7,0.8600000143051147,-1,-1,-1
131,186,476.4,109.1,70.3,147.2,0.8700000047683716,-1,-1,-1
132,185,190.3,91.6,64.0,159.7,0.9200000166893005,-1,-1,-1
132,184,278.6,92.2,64.0,168.3,0.9200000166893005,-1,-1,-1
132,187,390.6,108.6,61.7,141.6,0.6700000166893005,-1,-1,-1
132,179,397.6,114.2,66.1,150.5,0.8600000143051147,-1,-1,-1
132,186,474.9,109.5,71.2,147.2,0.8700000047683716,-1,-1,-1
133,185,190.2,91.5,63.9,159.4,0.9200000166893005,-1,-1,-1
133,184,276.2,92.3,64.9,167.7,0.9200000166893005,-1,-1,-1
133,187,393.1,109.0,58.2,136.1,0.5699999928474426,-1,-1,-1
133,179,392.6,111.8,66.7,152.6,0.8899999856948853,-1,-1,-1
133,186,471.9,109.7,71.3,146.9,0.8799999952316284,-1,-1,-1
134,185,190.1,91.5,63.8,159.3,0.9200000166893005,-1,-1,-1
134,184,274.6,92.8,65.5,167.0,0.9200000166893005,-1,-1,-1
134,179,389.0,109.3,67.1,155.0,0.8799999952316284,-1,-1,-1
134,186,470.1,109.4,71.7,147.5,0.8799999952316284,-1,-1,-1
135,185,189.7,91.5,63.5,159.0,0.9300000071525574,-1,-1,-1
135,184,272.9,93.2,66.1,166.2,0.9300000071525574,-1,-1,-1
135,179,387.8,107.5,67.1,156.5,0.8899999856948853,-1,-1,-1
135,186,466.8,108.7,71.6,148.2,0.8600000143051147,-1,-1,-1
136,185,189.1,91.7,63.2,158.8,0.9200000166893005,-1,-1,-1
136,184,271.0,93.7,66.6,165.7,0.9300000071525574,-1,-1,-1
136,179,388.6,106.6,66.8,156.7,0.9100000262260437,-1,-1,-1
136,186,462.9,108.6,71.2,148.0,0.8899999856948853,-1,-1,-1
137,185,188.4,91.6,63.0,158.8,0.9300000071525574,-1,-1,-1
137,184,269.6,93.7,67.0,165.5,0.9300000071525574,-1,-1,-1
137,179,388.6,106.2,66.7,157.3,0.8999999761581421,-1,-1,-1
137,186,460.4,108.4,71.0,148.2,0.8999999761581421,-1,-1,-1
138,185,187.9,91.4,62.8,159.1,0.9399999976158142,-1,-1,-1
138,184,267.9,93.7,67.4,165.5,0.9300000071525574,-1,-1,-1
138,179,387.5,106.8,66.7,156.9,0.8799999952316284,-1,-1,-1
138,186,458.6,108.1,71.1,148.8,0.9100000262260437,-1,-1,-1
139,185,187.3,91.7,62.4,158.8,0.9300000071525574,-1,-1,-1
139,184,266.8,93.5,67.8,165.8,0.9300000071525574,-1,-1,-1
139,179,380.9,109.9,64.5,153.2,0.9100000262260437,-1,-1,-1
139,186,457.6,108.2,71.0,149.0,0.8999999761581421,-1,-1,-1
139,187,398.1,107.0,61.4,145.1,0.8500000238418579,-1,-1,-1
140,185,186.8,91.6,62.2,158.8,0.9300000071525574,-1,-1,-1
140,184,266.2,93.1,68.0,166.0,0.9100000262260437,-1,-1,-1
140,179,375.7,110.9,63.8,151.5,0.9200000166893005,-1,-1,-1
140,186,456.6,108.4,71.0,148.9,0.8999999761581421,-1,-1,-1
140,187,396.1,106.8,62.1,146.9,0.8500000238418579,-1,-1,-1
141,185,186.1,91.7,61.8,158.6,0.9300000071525574,-1,-1,-1
141,184,265.3,92.1,68.4,167.0,0.8999999761581421,-1,-1,-1
141,179,370.6,111.9,63.6,150.0,0.9300000071525574,-1,-1,-1
141,186,456.0,108.7,71.1,149.3,0.8899999856948853,-1,-1,-1
141,187,395.1,106.5,63.0,149.0,0.8600000143051147,-1,-1,-1
141,188,2.0,110.5,54.6,183.4,0.8500000238418579,-1,-1,-1
142,185,185.6,91.5,61.6,158.7,0.9300000071525574,-1,-1,-1
142,184,264.0,91.2,68.5,167.5,0.9100000262260437,-1,-1,-1
142,179,366.9,112.9,63.9,149.3,0.9300000071525574,-1,-1,-1
142,186,456.3,109.3,71.0,149.4,0.8999999761581421,-1,-1,-1
142,187,395.0,107.0,63.2,149.6,0.8600000143051147,-1,-1,-1
142,188,6.2,109.8,54.7,184.0,0.8600000143051147,-1,-1,-1
143,185,185.1,91.6,61.4,158.5,0.9300000071525574,-1,-1,-1
143,184,262.7,90.7,68.7,167.9,0.9100000262260437,-1,-1,-1
143,179,364.6,113.3,64.4,148.8,0.9300000071525574,-1,-1,-1
143,186,454.9,110.2,69.9,147.7,0.8999999761581421,-1,-1,-1
143,187,396.1,107.7,62.9,149.8,0.8700000047683716,-1,-1,-1
143,188,11.0,110.5,54.1,181.9,0.8700000047683716,-1,-1,-1
144,185,184.4,91.4,61.3,159.0,0.9300000071525574,-1,-1,-1
144,184,262.0,90.7,68.5,167.8,0.9100000262260437,-1,-1,-1
144,179,363.3,113.7,64.9,148.6,0.9300000071525574,-1,-1,-1
144,186,454.0,111.1,69.5,147.4,0.8999999761581421,-1,-1,-1
144,187,397.9,108.1,62.3,149.7,0.8899999856948853,-1,-1,-1
144,188,16.3,110.6,54.3,181.4,0.8799999952316284,-1,-1,-1
145,185,183.8,91.2,61.2,159.2,0.9300000071525574,-1,-1,-1
145,184,260.9,91.0,67.9,167.2,0.9100000262260437,-1,-1,-1
145,179,362.7,114.3,65.3,148.0,0.9300000071525574,-1,-1,-1
145,186,452.7,111.5,69.4,148.1,0.8999999761581421,-1,-1,-1
145,187,399.0,108.5,61.6,149.2,0.8899999856948853,-1,-1,-1
145,188,24.2,111.8,54.8,180.2,0.9100000262260437,-1,-1,-1
146,185,183.3,90.9,61.2,159.5,0.9300000071525574,-1,-1,-1
146,184,259.8,90.6,67.7,167.4,0.9100000262260437,-1,-1,-1
146,179,362.0,114.0,65.7,148.2,0.9399999976158142,-1,-1,-1
146,186,452.3,111.7,69.3,148.8,0.8899999856948853,-1,-1,-1
146,187,399.6,109.4,61.0,148.6,0.8899999856948853,-1,-1,-1
146,188,28.7,112.2,56.4,180.2,0.9300000071525574,-1,-1,-1
147,185,182.9,90.9,61.0,159.4,0.9300000071525574,-1,-1,-1
147,184,258.6,90.6,67.1,167.0,0.9200000166893005,-1,-1,-1
147,179,361.5,113.7,65.9,148.1,0.9300000071525574,-1,-1,-1
147,186,451.6,111.7,68.8,148.6,0.8899999856948853,-1,-1,-1
147,187,401.1,110.0,60.6,148.3,0.8999999761581421,-1,-1,-1
147,188,31.6,113.2,58.1,178.8,0.9300000071525574,-1,-1,-1
148,185,182.5,90.7,60.9,159.3,0.9300000071525574,-1,-1,-1
148,184,257.3,90.4,66.5,166.8,0.9200000166893005,-1,-1,-1
148,179,360.4,113.3,65.9,147.8,0.9100000262260437,-1,-1,-1
148,186,452.6,111.5,69.1,149.2,0.8799999952316284,-1,-1,-1
148,187,402.3,110.3,60.2,148.6,0.9100000262260437,-1,-1,-1
148,188,33.5,113.7,60.2,178.2,0.9399999976158142,-1,-1,-1
149,185,182.3,90.4,61.0,159.7,0.9300000071525574,-1,-1,-1
149,184,256.3,90.3,65.9,166.8,0.9200000166893005,-1,-1,-1
149,179,358.8,112.5,65.7,148.2,0.9100000262260437,-1,-1,-1
149,186,452.0,111.1,69.5,149.9,0.8799999952316284,-1,-1,-1
149,187,402.6,110.6,59.9,148.7,0.9100000262260437,-1,-1,-1
149,188,34.2,114.1,62.5,177.6,0.9300000071525574,-1,-1,-1
150,185,182.2,90.4,60.9,159.7,0.9300000071525574,-1,-1,-1
150,184,255.3,90.1,65.3,167.1,0.9200000166893005,-1,-1,-1
150,179,356.8,111.7,65.2,147.9,0.9200000166893005,-1,-1,-1
150,186,450.5,110.2,69.6,150.7,0.8799999952316284,-1,-1,-1
150,187,402.5,110.6,59.9,149.1,0.9200000166893005,-1,-1,-1
150,188,34.4,113.7,65.0,177.8,0.9300000071525574,-1,-1,-1
151,185,182.0,90.6,60.8,159.4,0.9300000071525574,-1,-1,-1
151,184,254.9,90.3,64.6,166.9,0.9300000071525574,-1,-1,-1
151,179,354.1,111.0,64.8,148.2,0.8999999761581421,-1,-1,-1
151,186,450.0,109.3,70.0,151.5,0.8799999952316284,-1,-1,-1
151,187,402.8,110.7,59.8,149.2,0.9100000262260437,-1,-1,-1
151,188,35.9,113.5,67.2,178.2,0.9200000166893005,-1,-1,-1
152,185,181.7,90.6,60.9,159.5,0.9300000071525574,-1,-1,-1
152,184,254.5,90.5,63.9,166.6,0.9300000071525574,-1,-1,-1
152,179,351.4,110.7,63.9,148.3,0.9100000262260437,-1,-1,-1
152,186,448.4,108.6,69.8,152.3,0.8799999952316284,-1,-1,-1
152,187,401.0,110.7,60.0,149.3,0.8899999856948853,-1,-1,-1
152,188,37.6,113.0,68.8,177.7,0.9200000166893005,-1,-1,-1
153,185,181.8,90.8,60.8,159.4,0.9300000071525574,-1,-1,-1
153,184,254.2,90.4,63.3,166.3,0.9300000071525574,-1,-1,-1
153,179,348.8,110.2,62.9,148.4,0.9100000262260437,-1,-1,-1
153,186,448.1,108.1,69.7,152.5,0.8700000047683716,-1,-1,-1
153,187,400.1,110.4,60.2,149.6,0.9100000262260437,-1,-1,-1
153,188,41.8,111.9,69.6,177.5,0.8999999761581421,-1,-1,-1
154,185,181.6,90.9,60.7,159.1,0.9300000071525574,-1,-1,-1
154,184,253.7,90.5,62.7,165.8,0.9300000071525574,-1,-1,-1
154,179,346.4,109.8,61.9,148.6,0.8999999761581421,-1,-1,-1
154,186,448.5,107.8,69.8,152.7,0.8799999952316284,-1,-1,-1
154,187,399.8,110.3,60.1,149.7,0.9100000262260437,-1,-1,-1
154,188,46.2,111.2,69.5,177.2,0.9100000262260437,-1,-1,-1
155,185,181.7,90.6,60.8,159.2,0.9300000071525574,-1,-1,-1
155,184,253.4,90.6,62.4,166.0,0.9300000071525574,-1,-1,-1
155,179,345.0,109.7,61.2,148.9,0.8899999856948853,-1,-1,-1
155,186,446.9,107.5,69.6,153.2,0.8700000047683716,-1,-1,-1
155,187,400.2,110.3,59.8,149.6,0.9100000262260437,-1,-1,-1
155,188,52.5,110.2,69.2,178.0,0.8899999856948853,-1,-1,-1
156,185,181.8,90.6,60.8,159.3,0.9300000071525574,-1,-1,-1
156,184,253.4,91.1,61.9,165.7,0.9300000071525574,-1,-1,-1
156,179,344.6,110.0,60.8,148.8,0.8999999761581421,-1,-1,-1
156,186,446.7,107.4,69.8,153.5,0.8700000047683716,-1,-1,-1
156,187,400.1,110.3,59.5,149.4,0.9100000262260437,-1,-1,-1
156,188,59.9,109.4,68.5,178.6,0.8999999761581421,-1,-1,-1
157,185,181.8,90.6,60.8,159.3,0.9300000071525574,-1,-1,-1
157,184,253.2,91.4,61.5,165.6,0.9300000071525574,-1,-1,-1
157,179,342.1,110.6,59.6,148.0,0.8999999761581421,-1,-1,-1
157,186,445.2,108.0,69.5,153.4,0.8700000047683716,-1,-1,-1
157,187,399.7,110.7,59.2,148.9,0.9100000262260437,-1,-1,-1
157,188,66.5,108.6,67.6,178.6,0.9100000262260437,-1,-1,-1
158,185,182.0,90.7,60.8,159.3,0.9300000071525574,-1,-1,-1
158,184,253.2,91.6,60.9,165.4,0.9300000071525574,-1,-1,-1
158,179,340.4,111.0,58.5,147.5,0.9100000262260437,-1,-1,-1
158,186,443.4,108.3,69.0,153.5,0.8899999856948853,-1,-1,-1
158,187,399.3,111.2,58.8,148.3,0.9100000262260437,-1,-1,-1
158,188,71.7,108.3,67.0,179.3,0.9100000262260437,-1,-1,-1
159,185,182.2,90.6,60.8,159.3,0.9399999976158142,-1,-1,-1
159,184,253.4,92.1,60.2,164.5,0.9300000071525574,-1,-1,-1
159,179,339.2,111.2,57.6,147.3,0.9200000166893005,-1,-1,-1
159,186,441.8,108.9,68.6,153.8,0.8999999761581421,-1,-1,-1
159,187,398.5,111.7,58.4,147.6,0.9200000166893005,-1,-1,-1
159,188,78.0,108.9,66.3,178.0,0.9200000166893005,-1,-1,-1
160,185,182.3,90.5,60.7,159.3,0.9399999976158142,-1,-1,-1
160,184,253.8,92.1,59.7,164.4,0.9300000071525574,-1,-1,-1
160,179,338.0,112.1,56.7,146.4,0.9300000071525574,-1,-1,-1
160,186,440.9,109.9,68.1,153.3,0.8999999761581421,-1,-1,-1
160,187,397.9,112.3,58.1,147.4,0.9200000166893005,-1,-1,-1
160,188,84.5,109.4,66.7,177.3,0.9300000071525574,-1,-1,-1
161,185,182.4,90.6,60.7,159.3,0.9399999976158142,-1,-1,-1
161,184,253.9,91.6,59.3,164.7,0.9300000071525574,-1,-1,-1
161,179,336.9,113.2,55.8,145.3,0.9200000166893005,-1,-1,-1
161,186,439.9,110.1,68.1,153.5,0.8999999761581421,-1,-1,-1
161,187,397.4,113.1,57.7,147.1,0.9100000262260437,-1,-1,-1
161,188,90.6,110.9,67.7,175.6,0.9399999976158142,-1,-1,-1
162,185,182.7,90.7,60.5,159.0,0.9399999976158142,-1,-1,-1
162,184,254.1,90.8,59.0,165.3,0.9300000071525574,-1,-1,-1
162,179,335.8,113.8,55.0,144.3,0.9200000166893005,-1,-1,-1
162,186,438.9,110.0,68.2,153.6,0.8999999761581421,-1,-1,-1
162,187,396.8,113.7,57.5,147.4,0.9200000166893005,-1,-1,-1
162,188,94.9,112.6,69.1,173.8,0.9399999976158142,-1,-1,-1
163,185,182.7,90.8,60.4,158.8,0.9300000071525574,-1,-1,-1
163,184,254.4,90.0,58.7,165.7,0.9300000071525574,-1,-1,-1
163,179,334.8,114.3,54.6,143.7,0.9300000071525574,-1,-1,-1
163,186,436.8,109.3,68.9,154.5,0.8899999856948853,-1,-1,-1
163,187,396.0,113.6,57.6,148.1,0.9100000262260437,-1,-1,-1
163,188,97.0,113.3,71.2,172.9,0.9399999976158142,-1,-1,-1
164,185,182.7,90.4,60.5,159.3,0.9300000071525574,-1,-1,-1
164,184,255.0,89.5,58.3,165.8,0.9300000071525574,-1,-1,-1
164,179,333.5,114.2,54.3,143.3,0.9200000166893005,-1,-1,-1
164,186,434.2,108.5,69.6,155.3,0.8899999856948853,-1,-1,-1
164,187,395.1,113.4,57.6,148.4,0.9100000262260437,-1,-1,-1
164,188,98.0,113.9,72.8,171.6,0.9399999976158142,-1,-1,-1
165,185,182.7,90.0,60.5,159.5,0.9300000071525574,-1,-1,-1
165,184,255.0,88.8,57.9,165.7,0.9300000071525574,-1,-1,-1
165,179,331.8,113.3,54.4,144.0,0.9200000166893005,-1,-1,-1
165,186,431.5,107.3,70.1,156.5,0.8999999761581421,-1,-1,-1
165,187,393.7,112.3,58.1,149.8,0.9100000262260437,-1,-1,-1
165,188,98.4,114.0,74.5,171.0,0.9399999976158142,-1,-1,-1
166,185,182.8,90.1,60.3,159.4,0.9300000071525574,-1,-1,-1
166,184,255.4,87.9,57.5,165.6,0.9300000071525574,-1,-1,-1
166,179,330.8,112.5,54.6,144.5,0.9100000262260437,-1,-1,-1
166,186,429.1,106.5,70.3,157.6,0.8999999761581421,-1,-1,-1
166,187,392.1,111.8,58.2,150.1,0.9100000262260437,-1,-1,-1
166,188,98.7,113.6,75.9,170.4,0.9399999976158142,-1,-1,-1
167,185,183.1,90.3,60.2,159.3,0.9300000071525574,-1,-1,-1
167,184,255.6,87.3,57.2,165.6,0.9300000071525574,-1,-1,-1
167,179,329.4,111.9,54.6,144.9,0.8999999761581421,-1,-1,-1
167,186,427.6,105.4,71.0,159.1,0.8999999761581421,-1,-1,-1
167,187,389.6,110.8,58.4,151.1,0.9100000262260437,-1,-1,-1
167,188,99.3,112.3,77.5,171.4,0.9200000166893005,-1,-1,-1
168,185,183.2,90.3,60.2,159.5,0.9300000071525574,-1,-1,-1
168,184,255.5,86.5,56.9,165.8,0.9300000071525574,-1,-1,-1
168,179,326.5,110.9,54.6,144.0,0.8999999761581421,-1,-1,-1
168,186,426.2,104.9,71.2,159.6,0.8899999856948853,-1,-1,-1
168,187,387.0,109.6,58.7,152.6,0.9100000262260437,-1,-1,-1
168,188,101.6,110.6,78.4,172.2,0.9200000166893005,-1,-1,-1
169,185,183.2,90.3,60.1,159.6,0.9300000071525574,-1,-1,-1
169,184,255.5,86.0,56.6,165.9,0.9300000071525574,-1,-1,-1
169,179,326.1,110.0,54.5,143.5,0.9100000262260437,-1,-1,-1
169,186,425.3,105.1,71.2,159.8,0.8999999761581421,-1,-1,-1
169,187,384.8,108.2,59.0,153.9,0.9100000262260437,-1,-1,-1
169,188,105.4,108.8,79.3,173.9,0.9100000262260437,-1,-1,-1
170,185,183.2,90.2,60.1,159.8,0.9300000071525574,-1,-1,-1
170,184,255.4,85.7,56.5,166.1,0.9300000071525574,-1,-1,-1
170,179,325.5,109.0,54.6,143.8,0.9100000262260437,-1,-1,-1
170,186,423.9,105.2,71.4,160.4,0.8999999761581421,-1,-1,-1
170,187,382.5,108.4,58.9,154.0,0.8999999761581421,-1,-1,-1
170,188,108.5,107.0,79.5,174.9,0.9100000262260437,-1,-1,-1
171,185,183.4,90.3,59.9,159.5,0.9300000071525574,-1,-1,-1
171,184,255.1,85.6,56.3,166.2,0.9300000071525574,-1,-1,-1
171,179,324.5,108.3,54.8,144.5,0.9100000262260437,-1,-1,-1
171,186,422.1,105.5,71.6,160.9,0.8999999761581421,-1,-1,-1
171,187,380.5,108.4,58.8,154.4,0.8999999761581421,-1,-1,-1
171,188,114.3,105.8,78.8,175.6,0.8999999761581421,-1,-1,-1
172,185,183.4,89.9,60.0,160.0,0.9300000071525574,-1,-1,-1
172,184,254.3,85.5,56.5,166.9,0.9300000071525574,-1,-1,-1
172,179,323.8,108.0,54.9,144.5,0.9100000262260437,-1,-1,-1
172,186,420.8,106.2,71.6,159.5,0.8999999761581421,-1,-1,-1
172,187,377.9,108.5,58.6,154.4,0.9100000262260437,-1,-1,-1
172,188,120.6,105.3,77.5,176.1,0.8899999856948853,-1,-1,-1
173,185,183.7,90.0,59.8,159.7,0.9300000071525574,-1,-1,-1
173,184,253.4,85.5,56.6,166.9,0.9300000071525574,-1,-1,-1
173,179,322.5,107.9,55.0,144.5,0.9200000166893005,-1,-1,-1
173,186,419.6,107.4,71.5,158.4,0.8899999856948853,-1,-1,-1
173,187,376.1,109.2,58.3,153.7,0.8999999761581421,-1,-1,-1
173,188,125.8,104.7,75.2,175.4,0.8799999952316284,-1,-1,-1
174,185,183.9,90.5,59.5,158.9,0.9300000071525574,-1,-1,-1
174,184,252.7,85.6,56.5,166.7,0.9300000071525574,-1,-1,-1
174,179,321.6,107.6,55.1,144.7,0.9200000166893005,-1,-1,-1
174,186,419.1,107.9,71.7,159.5,0.8999999761581421,-1,-1,-1
174,187,374.3,110.2,58.1,152.9,0.8999999761581421,-1,-1,-1
174,188,131.2,105.4,73.0,174.4,0.8799999952316284,-1,-1,-1
175,185,184.5,90.8,59.3,158.9,0.9300000071525574,-1,-1,-1
175,184,251.7,85.3,56.5,166.8,0.9300000071525574,-1,-1,-1
175,179,320.6,107.3,55.2,144.6,0.9200000166893005,-1,-1,-1
175,186,418.5,108.3,71.8,160.0,0.8999999761581421,-1,-1,-1
175,187,372.2,110.8,58.3,152.8,0.8999999761581421,-1,-1,-1
175,188,135.7,105.2,71.4,174.3,0.8999999761581421,-1,-1,-1
176,185,184.6,90.8,59.1,158.8,0.9300000071525574,-1,-1,-1
176,184,251.4,85.4,56.5,166.8,0.9300000071525574,-1,-1,-1
176,179,319.2,107.3,55.3,144.8,0.9200000166893005,-1,-1,-1
176,186,418.3,108.2,72.0,160.5,0.8899999856948853,-1,-1,-1
176,187,370.1,111.5,58.7,152.2,0.8999999761581421,-1,-1,-1
176,188,139.5,105.7,70.1,174.1,0.9100000262260437,-1,-1,-1
177,185,185.2,90.9,59.0,159.1,0.9200000166893005,-1,-1,-1
177,184,251.0,85.6,56.3,166.8,0.9200000166893005,-1,-1,-1
177,179,317.0,107.3,55.6,144.9,0.9300000071525574,-1,-1,-1
177,186,416.9,108.0,71.5,160.6,0.9100000262260437,-1,-1,-1
177,187,367.5,112.0,59.4,152.4,0.9200000166893005,-1,-1,-1
177,188,143.9,107.3,68.8,171.9,0.8999999761581421,-1,-1,-1
178,185,186.6,91.0,58.6,159.4,0.9200000166893005,-1,-1,-1
178,184,250.5,85.8,56.1,166.6,0.9200000166893005,-1,-1,-1
178,179,315.4,107.6,55.7,144.3,0.9200000166893005,-1,-1,-1
178,186,415.7,106.7,72.0,162.4,0.8999999761581421,-1,-1,-1
178,187,364.7,111.8,60.2,153.0,0.9200000166893005,-1,-1,-1
178,188,147.8,108.0,68.6,170.4,0.9200000166893005,-1,-1,-1
179,185,186.7,90.8,58.4,159.9,0.9100000262260437,-1,-1,-1
179,184,250.7,86.5,55.8,165.8,0.9200000166893005,-1,-1,-1
179,179,314.5,107.6,55.8,144.1,0.9200000166893005,-1,-1,-1
179,186,414.3,105.7,72.1,163.1,0.8899999856948853,-1,-1,-1
179,187,361.4,111.6,61.2,153.6,0.9100000262260437,-1,-1,-1
179,188,149.8,109.9,68.5,167.9,0.9300000071525574,-1,-1,-1
