2,1,386.3,153.6,119.2,207.7,0.9399999976158142,-1,-1,-1
2,2,463.5,141.7,103.9,193.8,0.9300000071525574,-1,-1,-1
2,3,482.9,144.6,23.2,60.3,0.8500000238418579,-1,-1,-1
3,1,397.2,152.7,118.5,208.2,0.9399999976158142,-1,-1,-1
3,2,482.5,140.0,103.9,195.8,0.9399999976158142,-1,-1,-1
3,3,484.5,145.6,22.4,58.2,0.8299999833106995,-1,-1,-1
4,1,414.5,149.7,119.4,213.7,0.9300000071525574,-1,-1,-1
4,2,496.7,141.1,105.7,201.6,0.949999988079071,-1,-1,-1
5,1,429.4,149.2,120.4,217.8,0.9200000166893005,-1,-1,-1
5,2,510.0,143.8,103.9,199.8,0.9399999976158142,-1,-1,-1
6,1,443.7,151.2,119.4,217.3,0.8999999761581421,-1,-1,-1
6,2,515.6,145.8,105.4,203.7,0.9200000166893005,-1,-1,-1
6,5,521.9,140.5,18.8,56.0,0.699999988079071,-1,-1,-1
7,1,452.5,154.3,119.3,219.4,0.9100000262260437,-1,-1,-1
7,2,523.5,145.5,105.5,206.6,0.9200000166893005,-1,-1,-1
7,5,521.2,139.5,18.6,55.3,0.699999988079071,-1,-1,-1
8,1,467.4,154.9,119.2,222.3,0.9300000071525574,-1,-1,-1
8,2,537.2,143.9,103.7,208.7,0.9200000166893005,-1,-1,-1
8,5,521.0,138.1,18.6,55.0,0.6899999976158142,-1,-1,-1
8,6,490.7,145.7,23.4,59.3,0.8199999928474426,-1,-1,-1
9,1,483.5,154.7,115.8,222.9,0.9200000166893005,-1,-1,-1
9,2,553.7,142.1,101.6,210.8,0.9300000071525574,-1,-1,-1
9,5,520.4,137.6,18.5,54.6,0.7300000190734863,-1,-1,-1
9,6,492.2,146.4,23.9,60.6,0.8799999952316284,-1,-1,-1
10,1,501.2,152.3,112.6,222.5,0.9300000071525574,-1,-1,-1
10,2,568.5,142.3,101.5,211.8,0.9399999976158142,-1,-1,-1
10,5,518.6,138.1,19.8,58.0,0.800000011920929,-1,-1,-1
10,6,493.3,144.8,24.6,62.6,0.8600000143051147,-1,-1,-1
10,8,222.9,143.1,71.6,175.1,0.8700000047683716,-1,-1,-1
11,1,522.9,152.9,112.9,222.7,0.9399999976158142,-1,-1,-1
11,2,582.4,143.7,102.9,212.7,0.9300000071525574,-1,-1,-1
11,5,517.1,138.1,20.3,59.3,0.8399999737739563,-1,-1,-1
11,6,493.1,143.4,25.2,64.3,0.8700000047683716,-1,-1,-1
11,8,230.2,141.6,72.0,176.1,0.8899999856948853,-1,-1,-1
12,1,532.8,155.1,115.3,226.0,0.9300000071525574,-1,-1,-1
12,2,590.1,145.5,104.6,215.4,0.9599999785423279,-1,-1,-1
12,5,516.0,138.3,20.5,59.6,0.8399999737739563,-1,-1,-1
12,6,495.6,143.2,25.0,64.1,0.8700000047683716,-1,-1,-1
12,8,240.4,139.3,73.6,180.3,0.8799999952316284,-1,-1,-1
12,10,539.9,144.8,23.1,51.5,0.7900000214576721,-1,-1,-1
13,1,539.9,154.9,115.8,228.0,0.9300000071525574,-1,-1,-1
13,2,597.4,145.2,105.4,218.7,0.949999988079071,-1,-1,-1
13,5,515.6,137.7,20.8,60.4,0.8399999737739563,-1,-1,-1
13,6,497.9,144.7,24.3,62.5,0.8700000047683716,-1,-1,-1
13,8,216.5,130.4,77.8,192.4,0.699999988079071,-1,-1,-1
13,10,539.3,144.5,23.9,53.5,0.8100000023841858,-1,-1,-1
14,1,552.6,152.5,114.5,231.6,0.9100000262260437,-1,-1,-1
14,2,608.9,143.2,104.3,221.7,0.9200000166893005,-1,-1,-1
14,5,514.5,137.3,20.9,61.0,0.8299999833106995,-1,-1,-1
14,6,499.6,144.8,24.7,63.7,0.8799999952316284,-1,-1,-1
14,8,216.7,127.7,79.9,199.5,0.8100000023841858,-1,-1,-1
14,10,540.1,144.5,24.0,54.1,0.8100000023841858,-1,-1,-1
14,11,268.7,143.5,68.6,179.4,0.9100000262260437,-1,-1,-1
14,12,475.2,141.9,20.4,50.1,0.6100000143051147,-1,-1,-1
14,13,570.7,147.6,18.7,48.3,0.7599999904632568,-1,-1,-1
15,1,571.1,149.7,110.3,231.2,0.9300000071525574,-1,-1,-1
15,2,629.2,142.6,102.9,224.6,0.9399999976158142,-1,-1,-1
15,5,514.4,137.7,20.6,60.4,0.7699999809265137,-1,-1,-1
15,6,501.6,144.4,24.7,63.9,0.8500000238418579,-1,-1,-1
15,8,225.8,128.6,81.7,203.6,0.8799999952316284,-1,-1,-1
15,10,539.2,145.2,24.0,54.3,0.800000011920929,-1,-1,-1
15,11,276.2,144.4,69.5,180.9,0.9100000262260437,-1,-1,-1
15,13,570.1,147.4,20.2,51.9,0.7799999713897705,-1,-1,-1
16,1,582.6,149.4,111.6,235.5,0.9300000071525574,-1,-1,-1
16,2,645.2,143.5,103.4,229.5,0.9300000071525574,-1,-1,-1
16,5,514.9,138.6,19.9,58.1,0.7400000095367432,-1,-1,-1
16,6,503.5,143.7,25.1,65.2,0.8799999952316284,-1,-1,-1
16,8,230.6,128.5,82.8,206.0,0.8999999761581421,-1,-1,-1
16,10,538.2,144.9,24.1,54.6,0.800000011920929,-1,-1,-1
16,11,287.3,143.2,70.5,182.4,0.9100000262260437,-1,-1,-1
16,13,569.5,148.4,20.1,51.5,0.6100000143051147,-1,-1,-1
17,1,592.6,150.9,114.0,238.6,0.9200000166893005,-1,-1,-1
17,2,658.0,144.5,104.9,232.3,0.9100000262260437,-1,-1,-1
17,5,515.4,138.6,19.7,57.6,0.7400000095367432,-1,-1,-1
17,6,505.5,143.9,25.4,66.3,0.8899999856948853,-1,-1,-1
17,8,235.7,128.3,82.8,207.0,0.8899999856948853,-1,-1,-1
17,10,538.4,144.6,24.3,55.2,0.8600000143051147,-1,-1,-1
17,11,303.3,141.5,70.5,183.5,0.9100000262260437,-1,-1,-1
17,13,569.7,148.0,20.4,52.6,0.75,-1,-1,-1
18,1,602.1,152.5,114.8,237.0,0.9399999976158142,-1,-1,-1
18,2,663.6,145.1,106.0,235.2,0.9100000262260437,-1,-1,-1
18,5,514.9,138.5,19.7,57.7,0.6000000238418579,-1,-1,-1
18,6,507.2,144.7,25.3,66.4,0.8899999856948853,-1,-1,-1
18,8,241.5,127.9,82.3,208.4,0.8999999761581421,-1,-1,-1
18,10,539.1,144.8,24.3,55.5,0.8600000143051147,-1,-1,-1
18,11,321.8,140.7,71.2,184.1,0.9399999976158142,-1,-1,-1
18,13,570.5,148.0,20.3,52.6,0.800000011920929,-1,-1,-1
19,1,615.0,152.5,115.0,240.2,0.9300000071525574,-1,-1,-1
19,2,676.4,143.6,104.8,237.2,0.9100000262260437,-1,-1,-1
19,6,509.3,145.9,25.0,65.6,0.8899999856948853,-1,-1,-1
19,8,248.9,127.0,82.7,212.4,0.8899999856948853,-1,-1,-1
19,10,539.8,145.8,23.9,54.6,0.8299999833106995,-1,-1,-1
19,11,336.8,142.8,72.3,182.3,0.949999988079071,-1,-1,-1
19,13,570.7,147.9,20.5,53.0,0.800000011920929,-1,-1,-1
19,16,462.4,142.3,19.4,50.1,0.7799999713897705,-1,-1,-1
20,1,639.5,150.4,113.9,242.7,0.8999999761581421,-1,-1,-1
20,2,692.5,141.2,103.2,241.3,0.8899999856948853,-1,-1,-1
20,6,510.8,145.0,25.4,66.7,0.8899999856948853,-1,-1,-1
20,8,264.0,127.8,84.0,216.9,0.8999999761581421,-1,-1,-1
20,10,540.1,145.4,24.3,55.4,0.8500000238418579,-1,-1,-1
20,11,342.4,144.1,74.7,182.4,0.949999988079071,-1,-1,-1
20,13,571.0,148.3,20.6,53.0,0.8199999928474426,-1,-1,-1
20,16,458.7,142.0,19.4,49.9,0.75,-1,-1,-1
20,18,484.8,142.5,18.6,41.5,0.7900000214576721,-1,-1,-1
20,19,1102.9,146.0,127.8,293.3,0.8399999737739563,-1,-1,-1
21,1,656.3,147.7,115.1,251.1,0.8799999952316284,-1,-1,-1
21,2,710.2,139.8,102.0,243.4,0.8999999761581421,-1,-1,-1
21,6,512.1,144.1,25.9,67.9,0.8700000047683716,-1,-1,-1
21,8,274.5,130.3,83.7,216.1,0.9100000262260437,-1,-1,-1
21,10,540.3,144.0,24.9,56.8,0.8299999833106995,-1,-1,-1
21,11,350.3,143.9,76.3,183.9,0.9300000071525574,-1,-1,-1
21,13,572.4,148.1,20.9,53.5,0.8199999928474426,-1,-1,-1
21,16,455.2,141.9,19.4,49.3,0.6899999976158142,-1,-1,-1
21,18,484.0,142.5,18.9,42.3,0.6899999976158142,-1,-1,-1
21,19,1063.7,142.7,127.1,294.2,0.8799999952316284,-1,-1,-1
22,1,674.7,148.2,118.2,258.1,0.9100000262260437,-1,-1,-1
22,2,726.2,140.5,103.3,245.2,0.8999999761581421,-1,-1,-1
22,6,513.9,144.5,26.1,67.8,0.8700000047683716,-1,-1,-1
22,8,282.3,129.6,83.3,217.6,0.9100000262260437,-1,-1,-1
22,10,540.7,144.9,24.4,55.8,0.8500000238418579,-1,-1,-1
22,11,365.9,142.1,76.1,185.8,0.8999999761581421,-1,-1,-1
22,13,573.7,147.5,21.2,54.4,0.8199999928474426,-1,-1,-1
22,16,450.8,142.2,19.8,49.7,0.8100000023841858,-1,-1,-1
22,18,483.6,142.8,18.7,42.2,0.6200000047683716,-1,-1,-1
22,19,1024.8,145.8,123.3,283.7,0.8799999952316284,-1,-1,-1
23,1,684.9,150.6,120.1,260.2,0.9100000262260437,-1,-1,-1
23,2,738.9,142.6,104.7,243.1,0.9100000262260437,-1,-1,-1
23,6,516.0,145.7,25.9,67.3,0.8799999952316284,-1,-1,-1
23,8,291.6,128.0,82.7,220.0,0.8899999856948853,-1,-1,-1
23,10,541.6,145.3,23.9,55.5,0.8399999737739563,-1,-1,-1
23,11,382.6,141.5,76.7,189.6,0.8899999856948853,-1,-1,-1
23,13,574.6,147.3,21.6,54.6,0.8500000238418579,-1,-1,-1
23,16,445.4,141.9,21.3,52.4,0.7699999809265137,-1,-1,-1
23,18,483.2,143.0,18.7,42.3,0.699999988079071,-1,-1,-1
23,19,996.0,151.3,118.3,267.2,0.8899999856948853,-1,-1,-1
24,1,692.7,149.2,121.3,260.9,0.9100000262260437,-1,-1,-1
24,2,746.6,142.8,108.0,246.2,0.9200000166893005,-1,-1,-1
24,6,517.1,145.9,26.2,67.9,0.8700000047683716,-1,-1,-1
24,8,304.1,127.2,82.4,221.6,0.8999999761581421,-1,-1,-1
24,10,542.2,145.7,23.2,54.4,0.8199999928474426,-1,-1,-1
24,11,399.0,143.0,76.7,188.2,0.9200000166893005,-1,-1,-1
24,13,575.4,147.9,22.0,54.8,0.8399999737739563,-1,-1,-1
24,16,439.1,141.8,22.7,54.9,0.6899999976158142,-1,-1,-1
24,19,966.9,152.4,115.7,257.3,0.8999999761581421,-1,-1,-1
24,12,482.3,143.0,17.0,42.1,0.6100000143051147,-1,-1,-1
25,1,708.3,147.5,117.7,257.7,0.8899999856948853,-1,-1,-1
25,2,762.5,141.6,108.5,250.8,0.8799999952316284,-1,-1,-1
25,6,518.2,145.7,26.5,68.4,0.8399999737739563,-1,-1,-1
25,8,318.8,126.3,82.7,222.7,0.9300000071525574,-1,-1,-1
25,10,541.9,145.7,23.2,54.8,0.8399999737739563,-1,-1,-1
25,11,408.8,145.9,78.1,188.3,0.9300000071525574,-1,-1,-1
25,13,575.9,148.1,22.1,54.5,0.8700000047683716,-1,-1,-1
25,16,435.4,141.7,23.2,56.1,0.6000000238418579,-1,-1,-1
25,19,936.3,149.0,114.5,256.8,0.8899999856948853,-1,-1,-1
25,18,480.4,142.5,19.0,43.4,0.699999988079071,-1,-1,-1
26,1,732.9,143.8,118.2,265.0,0.8899999856948853,-1,-1,-1
26,2,781.8,140.0,107.5,251.9,0.8999999761581421,-1,-1,-1
26,6,519.8,144.2,27.0,70.3,0.8700000047683716,-1,-1,-1
26,8,333.8,128.5,83.8,219.4,0.9300000071525574,-1,-1,-1
26,10,542.0,145.3,23.5,55.8,0.8299999833106995,-1,-1,-1
26,11,419.4,145.6,79.7,190.6,0.9300000071525574,-1,-1,-1
26,13,576.1,148.6,22.1,54.0,0.8600000143051147,-1,-1,-1
26,16,427.0,142.0,23.5,56.1,0.7599999904632568,-1,-1,-1
26,19,911.7,148.4,110.4,249.9,0.8999999761581421,-1,-1,-1
26,18,479.0,142.4,18.5,42.5,0.6899999976158142,-1,-1,-1
27,1,739.3,143.1,118.4,271.1,0.8799999952316284,-1,-1,-1
27,2,805.7,139.2,109.2,258.7,0.8799999952316284,-1,-1,-1
27,6,522.5,145.1,26.8,70.3,0.8700000047683716,-1,-1,-1
27,8,340.9,130.0,86.4,221.4,0.9399999976158142,-1,-1,-1
27,10,542.6,144.8,24.1,57.6,0.8100000023841858,-1,-1,-1
27,11,435.2,144.0,79.2,192.4,0.9300000071525574,-1,-1,-1
27,13,576.9,148.6,22.2,54.2,0.8299999833106995,-1,-1,-1
27,16,419.9,141.6,25.3,58.8,0.6000000238418579,-1,-1,-1
27,19,883.4,152.4,108.4,238.4,0.9200000166893005,-1,-1,-1
28,1,749.0,145.0,118.9,272.5,0.8700000047683716,-1,-1,-1
28,2,827.1,141.5,106.5,248.9,0.8299999833106995,-1,-1,-1
28,6,524.2,145.8,26.9,70.8,0.8600000143051147,-1,-1,-1
28,8,349.9,130.1,87.4,223.0,0.9200000166893005,-1,-1,-1
28,10,542.6,145.7,23.7,57.4,0.7799999713897705,-1,-1,-1
28,11,449.7,142.7,78.4,193.9,0.9300000071525574,-1,-1,-1
28,13,578.3,148.9,22.3,54.6,0.7799999713897705,-1,-1,-1
28,16,415.3,141.5,25.8,60.0,0.6000000238418579,-1,-1,-1
28,19,867.3,156.6,106.6,226.7,0.8999999761581421,-1,-1,-1
29,1,773.8,148.1,123.3,273.5,0.8299999833106995,-1,-1,-1
29,2,849.1,143.0,107.1,248.9,0.8799999952316284,-1,-1,-1
29,6,526.0,145.4,27.2,71.7,0.8799999952316284,-1,-1,-1
29,8,361.9,127.9,87.1,227.1,0.8999999761581421,-1,-1,-1
29,10,543.7,145.9,24.1,58.9,0.7900000214576721,-1,-1,-1
29,11,468.6,144.4,80.1,193.6,0.949999988079071,-1,-1,-1
29,13,579.4,149.0,22.4,55.1,0.7400000095367432,-1,-1,-1
30,1,792.8,147.7,125.8,279.2,0.8199999928474426,-1,-1,-1
30,2,862.7,142.6,111.2,256.0,0.8799999952316284,-1,-1,-1
30,6,528.1,144.9,27.2,72.3,0.8700000047683716,-1,-1,-1
30,8,371.1,127.6,87.9,232.8,0.8899999856948853,-1,-1,-1
30,10,543.5,146.0,23.7,59.0,0.7200000286102295,-1,-1,-1
30,11,477.4,145.8,83.1,196.0,0.9599999785423279,-1,-1,-1
30,13,580.9,148.2,22.8,56.7,0.8100000023841858,-1,-1,-1
30,21,521.9,134.7,23.8,72.6,0.7200000286102295,-1,-1,-1
30,16,397.5,142.4,26.4,61.4,0.6000000238418579,-1,-1,-1
31,1,815.6,145.4,127.8,290.1,0.8600000143051147,-1,-1,-1
31,2,878.4,141.6,113.9,263.3,0.8799999952316284,-1,-1,-1
31,6,530.8,143.9,27.3,72.9,0.8500000238418579,-1,-1,-1
31,8,386.0,128.3,88.9,232.3,0.8700000047683716,-1,-1,-1
31,10,543.4,145.8,23.1,58.6,0.75,-1,-1,-1
31,11,484.0,146.3,85.1,198.6,0.949999988079071,-1,-1,-1
31,13,582.6,148.1,23.1,57.4,0.8500000238418579,-1,-1,-1
31,16,390.2,142.4,28.6,65.1,0.6000000238418579,-1,-1,-1
31,12,473.9,142.4,17.8,43.7,0.6100000143051147,-1,-1,-1
32,1,839.0,142.7,130.4,297.4,0.8500000238418579,-1,-1,-1
32,2,893.4,138.6,114.7,268.5,0.8700000047683716,-1,-1,-1
32,6,532.5,143.8,27.5,73.5,0.6000000238418579,-1,-1,-1
32,8,396.6,130.4,91.2,234.6,0.9300000071525574,-1,-1,-1
32,10,543.5,145.9,23.3,59.0,0.6000000238418579,-1,-1,-1
32,11,496.3,144.9,84.4,200.9,0.9200000166893005,-1,-1,-1
32,13,582.8,148.1,23.3,57.7,0.8399999737739563,-1,-1,-1
32,16,383.9,143.0,27.3,60.8,0.6499999761581421,-1,-1,-1
32,12,472.7,142.6,17.6,43.1,0.7699999809265137,-1,-1,-1
32,19,769.5,160.1,101.6,210.3,0.8999999761581421,-1,-1,-1
33,1,862.6,144.5,137.7,311.0,0.8700000047683716,-1,-1,-1
33,2,914.9,135.5,116.6,277.5,0.8500000238418579,-1,-1,-1
33,8,405.7,131.7,92.3,237.7,0.9300000071525574,-1,-1,-1
33,11,512.7,143.4,84.9,207.0,0.9399999976158142,-1,-1,-1
33,13,584.3,148.0,23.4,57.8,0.8399999737739563,-1,-1,-1
33,16,375.1,143.2,29.1,64.0,0.6800000071525574,-1,-1,-1
33,19,746.9,158.7,99.7,204.9,0.9399999976158142,-1,-1,-1
33,5,523.3,136.1,20.5,58.4,0.6000000238418579,-1,-1,-1
34,1,909.0,139.7,131.0,294.4,0.8199999928474426,-1,-1,-1
34,2,894.9,143.6,128.7,301.7,0.8299999833106995,-1,-1,-1
34,8,418.4,131.2,92.0,239.8,0.9200000166893005,-1,-1,-1
34,11,531.9,145.5,84.7,207.4,0.949999988079071,-1,-1,-1
34,13,585.4,148.1,23.8,58.6,0.8700000047683716,-1,-1,-1
34,16,369.2,143.6,29.2,64.3,0.6000000238418579,-1,-1,-1
34,19,722.8,156.0,95.1,202.9,0.9200000166893005,-1,-1,-1
34,5,523.0,135.2,23.5,67.8,0.8199999928474426,-1,-1,-1
35,1,948.1,140.2,126.8,283.4,0.800000011920929,-1,-1,-1
35,2,904.4,146.3,132.2,314.8,0.8100000023841858,-1,-1,-1
35,8,436.8,128.5,92.3,243.3,0.9200000166893005,-1,-1,-1
35,11,544.2,148.6,86.7,209.4,0.949999988079071,-1,-1,-1
35,13,586.4,148.1,24.6,60.9,0.7900000214576721,-1,-1,-1
35,19,702.1,156.8,94.1,199.5,0.949999988079071,-1,-1,-1
35,5,523.9,135.0,24.7,71.1,0.8700000047683716,-1,-1,-1
35,6,537.5,142.6,29.2,77.7,0.6000000238418579,-1,-1,-1
36,1,981.5,140.6,125.8,284.3,0.8199999928474426,-1,-1,-1
36,2,924.8,145.4,129.6,315.7,0.8500000238418579,-1,-1,-1
36,8,456.8,128.6,93.0,243.7,0.9399999976158142,-1,-1,-1
36,11,555.3,150.1,89.3,213.9,0.9399999976158142,-1,-1,-1
36,13,587.3,148.0,24.8,61.5,0.6000000238418579,-1,-1,-1
36,19,683.4,160.3,95.2,195.0,0.9599999785423279,-1,-1,-1
36,5,523.2,135.3,25.0,72.5,0.8600000143051147,-1,-1,-1
36,6,539.6,142.2,29.6,78.7,0.8999999761581421,-1,-1,-1
37,1,1004.1,137.8,127.0,291.0,0.800000011920929,-1,-1,-1
37,2,949.5,142.3,133.6,330.0,0.8399999737739563,-1,-1,-1
37,8,472.0,131.5,95.3,241.5,0.9399999976158142,-1,-1,-1
37,11,572.6,148.2,89.2,216.0,0.9399999976158142,-1,-1,-1
37,19,668.5,160.5,94.4,190.6,0.949999988079071,-1,-1,-1
37,5,522.4,136.0,25.1,72.9,0.7599999904632568,-1,-1,-1
37,6,541.4,143.0,29.9,78.9,0.8899999856948853,-1,-1,-1
37,18,463.6,142.8,19.0,43.5,0.6899999976158142,-1,-1,-1
38,1,1023.7,132.5,135.0,318.5,0.8100000023841858,-1,-1,-1
38,2,969.2,141.3,138.1,348.2,0.8399999737739563,-1,-1,-1
38,8,479.7,132.8,98.0,243.7,0.9399999976158142,-1,-1,-1
38,11,586.8,146.5,88.6,218.2,0.9399999976158142,-1,-1,-1
38,19,645.1,157.8,93.0,192.8,0.9100000262260437,-1,-1,-1
38,5,522.6,135.9,25.4,74.0,0.6000000238418579,-1,-1,-1
38,6,544.2,144.7,29.4,78.2,0.8500000238418579,-1,-1,-1
38,13,589.0,148.4,24.2,60.3,0.6000000238418579,-1,-1,-1
39,1,1048.3,128.2,133.3,312.9,0.7300000190734863,-1,-1,-1
39,2,983.5,141.2,141.0,355.7,0.6000000238418579,-1,-1,-1
39,8,490.5,131.9,99.1,247.3,0.9399999976158142,-1,-1,-1
39,11,605.9,147.8,90.1,218.7,0.9399999976158142,-1,-1,-1
39,19,621.9,157.1,91.4,193.2,0.9100000262260437,-1,-1,-1
39,5,524.6,135.7,23.1,66.7,0.800000011920929,-1,-1,-1
39,6,546.2,144.9,29.5,78.4,0.6000000238418579,-1,-1,-1
39,13,590.4,148.1,24.2,60.7,0.8600000143051147,-1,-1,-1
39,18,462.5,143.3,18.6,43.6,0.6899999976158142,-1,-1,-1
40,1,1090.3,128.5,124.7,286.1,0.7300000190734863,-1,-1,-1
40,8,509.1,130.0,98.2,250.2,0.9200000166893005,-1,-1,-1
40,11,615.5,148.7,94.4,222.0,0.9399999976158142,-1,-1,-1
40,19,598.9,156.3,90.7,191.6,0.6000000238418579,-1,-1,-1
40,5,525.2,135.3,23.0,65.9,0.8399999737739563,-1,-1,-1
40,13,591.6,147.6,24.3,61.4,0.8600000143051147,-1,-1,-1
40,31,1041.1,150.9,165.2,342.6,0.8399999737739563,-1,-1,-1
40,32,447.4,144.4,15.3,39.3,0.6800000071525574,-1,-1,-1
40,33,504.8,141.5,18.5,45.1,0.7099999785423279,-1,-1,-1
40,18,461.0,143.7,18.5,43.3,0.7400000095367432,-1,-1,-1
41,1,1127.2,131.1,110.6,246.3,0.6700000166893005,-1,-1,-1
41,8,521.1,129.2,99.3,258.2,0.8999999761581421,-1,-1,-1
41,11,622.6,147.9,97.7,227.9,0.9399999976158142,-1,-1,-1
41,19,582.8,159.2,91.0,187.4,0.8899999856948853,-1,-1,-1
41,5,523.4,135.1,25.3,72.5,0.8899999856948853,-1,-1,-1
41,13,589.7,140.3,26.9,68.9,0.6100000143051147,-1,-1,-1
41,31,1062.5,149.2,165.0,343.5,0.8100000023841858,-1,-1,-1
41,33,501.1,141.6,16.4,39.9,0.6399999856948853,-1,-1,-1
41,18,459.3,143.8,18.6,43.5,0.75,-1,-1,-1
41,34,486.3,139.3,19.1,47.7,0.6600000262260437,-1,-1,-1
41,35,475.6,143.9,19.2,43.0,0.6200000047683716,-1,-1,-1
41,10,551.9,142.2,27.0,67.9,0.6000000238418579,-1,-1,-1
42,1,1153.3,130.2,109.0,242.7,0.6000000238418579,-1,-1,-1
42,8,534.1,132.6,99.9,256.0,0.8899999856948853,-1,-1,-1
42,11,633.5,144.9,98.8,233.9,0.9200000166893005,-1,-1,-1
42,19,555.8,143.6,97.5,203.6,0.7699999809265137,-1,-1,-1
42,5,522.8,135.4,26.0,74.4,0.8899999856948853,-1,-1,-1
42,13,590.4,139.6,27.2,69.7,0.6000000238418579,-1,-1,-1
42,31,1082.6,144.5,178.5,374.5,0.8199999928474426,-1,-1,-1
42,18,458.2,143.8,19.0,44.4,0.8100000023841858,-1,-1,-1
42,35,474.8,144.7,18.8,42.2,0.7200000286102295,-1,-1,-1
42,6,553.9,144.3,26.9,69.9,0.6000000238418579,-1,-1,-1
43,8,549.2,133.1,102.2,258.1,0.8700000047683716,-1,-1,-1
43,11,652.0,142.0,98.3,239.2,0.949999988079071,-1,-1,-1
43,19,534.8,149.7,91.5,193.5,0.6700000166893005,-1,-1,-1
43,5,522.5,135.3,26.4,75.4,0.8899999856948853,-1,-1,-1
43,31,1097.6,142.8,183.3,384.6,0.6000000238418579,-1,-1,-1
43,18,457.0,143.6,19.2,44.6,0.800000011920929,-1,-1,-1
43,35,473.4,143.9,19.2,43.4,0.6899999976158142,-1,-1,-1
43,36,550.0,146.2,19.7,63.2,0.699999988079071,-1,-1,-1
43,6,553.8,143.8,30.1,79.2,0.8500000238418579,-1,-1,-1
43,32,430.7,144.1,18.1,46.3,0.6800000071525574,-1,-1,-1
43,34,485.6,139.5,19.1,47.6,0.6600000262260437,-1,-1,-1
44,8,561.2,130.8,101.9,258.8,0.8999999761581421,-1,-1,-1
44,11,671.9,142.5,99.2,243.6,0.949999988079071,-1,-1,-1
44,19,514.3,153.9,89.6,187.7,0.9200000166893005,-1,-1,-1
44,5,522.9,135.3,26.6,76.1,0.8999999761581421,-1,-1,-1
44,18,455.0,143.7,19.1,44.8,0.7400000095367432,-1,-1,-1
44,35,472.2,144.2,19.0,43.4,0.7400000095367432,-1,-1,-1
44,6,559.2,143.4,30.2,78.0,0.800000011920929,-1,-1,-1
44,32,425.3,144.3,18.0,45.9,0.7300000190734863,-1,-1,-1
44,12,483.9,139.8,19.0,46.7,0.7699999809265137,-1,-1,-1
44,13,597.3,145.9,25.2,64.5,0.6000000238418579,-1,-1,-1
45,8,581.5,126.9,101.7,263.4,0.8500000238418579,-1,-1,-1
45,11,686.2,144.2,101.9,245.8,0.9300000071525574,-1,-1,-1
45,19,501.6,158.6,90.1,183.0,0.9399999976158142,-1,-1,-1
45,5,525.3,135.0,24.3,69.2,0.7900000214576721,-1,-1,-1
45,18,453.3,143.9,18.8,44.3,0.6899999976158142,-1,-1,-1
45,35,471.1,144.1,19.1,43.7,0.6000000238418579,-1,-1,-1
45,6,560.6,142.1,32.2,83.6,0.8799999952316284,-1,-1,-1
45,12,483.7,140.1,18.1,45.8,0.6399999856948853,-1,-1,-1
45,13,598.7,147.7,24.8,62.9,0.8500000238418579,-1,-1,-1
45,10,550.8,143.8,27.5,72.0,0.6000000238418579,-1,-1,-1
46,8,604.7,124.0,102.0,268.8,0.9300000071525574,-1,-1,-1
46,11,700.3,145.8,103.7,245.0,0.9399999976158142,-1,-1,-1
46,19,487.6,156.9,90.2,184.5,0.949999988079071,-1,-1,-1
46,5,525.1,135.5,25.2,71.9,0.8600000143051147,-1,-1,-1
46,18,451.0,144.0,18.8,44.5,0.7900000214576721,-1,-1,-1
46,35,470.3,143.5,18.9,43.7,0.6700000166893005,-1,-1,-1
46,6,562.8,141.9,32.9,85.8,0.8899999856948853,-1,-1,-1
46,12,481.5,138.7,18.7,48.4,0.699999988079071,-1,-1,-1
46,13,600.3,148.2,24.9,63.0,0.8799999952316284,-1,-1,-1
46,10,551.6,144.0,26.0,68.8,0.8500000238418579,-1,-1,-1
47,8,622.4,122.2,104.0,273.9,0.9100000262260437,-1,-1,-1
47,11,715.2,144.5,105.8,249.1,0.9399999976158142,-1,-1,-1
47,19,467.2,154.8,86.6,185.7,0.8999999761581421,-1,-1,-1
47,5,525.8,136.0,26.1,75.2,0.8999999761581421,-1,-1,-1
47,18,449.4,144.7,18.5,43.8,0.7400000095367432,-1,-1,-1
47,35,469.3,143.4,19.0,43.9,0.6000000238418579,-1,-1,-1
47,6,565.2,143.7,32.6,85.2,0.8999999761581421,-1,-1,-1
47,13,601.6,148.2,25.0,63.2,0.8799999952316284,-1,-1,-1
47,10,553.4,145.7,24.7,65.9,0.8399999737739563,-1,-1,-1
48,8,636.5,125.2,105.2,272.3,0.8999999761581421,-1,-1,-1
48,11,734.4,140.5,105.3,252.3,0.9300000071525574,-1,-1,-1
48,19,445.7,156.2,85.7,183.7,0.9200000166893005,-1,-1,-1
48,5,526.2,135.8,26.8,77.4,0.8999999761581421,-1,-1,-1
48,18,447.9,144.6,18.8,44.8,0.7099999785423279,-1,-1,-1
48,6,567.3,144.5,32.7,85.5,0.9100000262260437,-1,-1,-1
48,13,602.8,148.4,25.2,63.8,0.8700000047683716,-1,-1,-1
48,10,555.4,146.6,24.9,66.3,0.8399999737739563,-1,-1,-1
48,32,400.3,144.9,21.1,53.3,0.7300000190734863,-1,-1,-1
49,8,652.1,125.8,108.0,272.0,0.8999999761581421,-1,-1,-1
49,11,747.9,139.1,106.7,260.3,0.8999999761581421,-1,-1,-1
49,19,428.4,156.8,87.3,183.2,0.9399999976158142,-1,-1,-1
49,5,527.6,135.0,27.3,79.4,0.8899999856948853,-1,-1,-1
49,18,446.4,144.7,18.8,44.9,0.6000000238418579,-1,-1,-1
49,6,570.8,143.6,32.8,86.5,0.8999999761581421,-1,-1,-1
49,13,604.7,148.2,25.5,64.6,0.8799999952316284,-1,-1,-1
49,10,556.9,145.5,25.1,66.8,0.8799999952316284,-1,-1,-1
49,38,499.6,148.6,21.2,39.7,0.75,-1,-1,-1
49,32,396.0,145.4,21.3,53.3,0.6200000047683716,-1,-1,-1
49,34,478.3,140.4,18.7,47.2,0.6600000262260437,-1,-1,-1
50,8,673.1,123.6,111.5,276.7,0.9100000262260437,-1,-1,-1
50,11,761.9,141.0,110.9,261.1,0.8600000143051147,-1,-1,-1
50,19,411.5,156.8,86.7,181.1,0.9200000166893005,-1,-1,-1
50,5,528.1,134.5,27.5,80.2,0.8999999761581421,-1,-1,-1
50,6,573.9,142.3,33.4,89.0,0.8999999761581421,-1,-1,-1
50,13,607.9,148.0,25.7,65.2,0.8899999856948853,-1,-1,-1
50,10,557.4,144.8,25.9,68.7,0.8899999856948853,-1,-1,-1
50,38,496.0,147.8,21.9,41.1,0.6899999976158142,-1,-1,-1
50,34,476.7,139.3,19.2,48.7,0.7200000286102295,-1,-1,-1
50,35,466.0,145.0,17.8,41.6,0.6000000238418579,-1,-1,-1
51,8,694.9,120.5,114.0,287.4,0.8799999952316284,-1,-1,-1
51,11,771.7,142.9,114.0,261.3,0.8700000047683716,-1,-1,-1
51,19,391.8,152.2,85.4,184.9,0.8999999761581421,-1,-1,-1
51,5,528.0,134.3,27.6,80.4,0.8999999761581421,-1,-1,-1
51,6,576.5,142.6,34.0,90.4,0.8799999952316284,-1,-1,-1
51,13,610.7,148.2,25.9,65.5,0.8799999952316284,-1,-1,-1
51,10,558.2,144.7,26.0,68.9,0.8799999952316284,-1,-1,-1
51,38,493.7,147.6,22.0,41.5,0.6499999761581421,-1,-1,-1
51,34,475.9,138.1,19.5,50.0,0.699999988079071,-1,-1,-1
51,35,464.5,145.0,18.1,43.1,0.7400000095367432,-1,-1,-1
51,32,384.2,145.2,22.2,55.6,0.6200000047683716,-1,-1,-1
52,8,704.5,119.7,117.6,302.8,0.8799999952316284,-1,-1,-1
52,11,784.5,142.0,118.9,269.3,0.8700000047683716,-1,-1,-1
52,19,372.3,152.1,83.2,182.4,0.9300000071525574,-1,-1,-1
52,5,528.1,135.0,27.8,80.3,0.8999999761581421,-1,-1,-1
52,6,579.4,144.4,34.2,90.0,0.8799999952316284,-1,-1,-1
52,13,612.8,149.0,26.1,65.3,0.8899999856948853,-1,-1,-1
52,10,558.9,145.6,26.3,69.8,0.8799999952316284,-1,-1,-1
52,38,491.8,147.3,22.3,42.0,0.6000000238418579,-1,-1,-1
52,34,474.0,137.6,20.0,52.0,0.6899999976158142,-1,-1,-1
52,35,462.5,144.7,18.4,43.8,0.7099999785423279,-1,-1,-1
52,32,377.5,145.5,23.6,59.2,0.6299999952316284,-1,-1,-1
53,8,715.2,121.5,119.8,309.4,0.8600000143051147,-1,-1,-1
53,11,808.4,139.4,120.3,278.5,0.8700000047683716,-1,-1,-1
53,19,352.6,154.8,84.2,179.0,0.949999988079071,-1,-1,-1
53,5,527.3,135.6,28.4,81.1,0.8899999856948853,-1,-1,-1
53,6,581.1,143.7,35.7,92.5,0.8899999856948853,-1,-1,-1
53,13,613.9,149.4,26.5,65.6,0.8899999856948853,-1,-1,-1
53,10,559.3,145.8,26.5,70.2,0.8799999952316284,-1,-1,-1
53,38,489.5,148.6,21.5,40.7,0.699999988079071,-1,-1,-1
53,34,472.9,137.9,19.9,52.5,0.75,-1,-1,-1
53,35,460.9,144.9,18.5,43.9,0.7900000214576721,-1,-1,-1
54,8,729.8,122.3,122.2,314.5,0.8500000238418579,-1,-1,-1
54,11,842.9,136.7,119.7,284.8,0.8999999761581421,-1,-1,-1
54,19,339.2,155.9,85.9,177.7,0.949999988079071,-1,-1,-1
54,5,527.8,135.4,28.7,80.9,0.8899999856948853,-1,-1,-1
54,6,583.7,143.1,36.6,93.8,0.8799999952316284,-1,-1,-1
54,13,614.7,148.8,26.8,66.6,0.8700000047683716,-1,-1,-1
54,10,559.9,145.4,26.8,70.9,0.8700000047683716,-1,-1,-1
54,38,487.4,148.7,21.5,40.8,0.6000000238418579,-1,-1,-1
54,34,472.2,139.5,18.9,50.2,0.6700000166893005,-1,-1,-1
54,35,460.1,145.4,18.6,44.1,0.7900000214576721,-1,-1,-1
55,8,748.0,119.0,124.0,317.8,0.8500000238418579,-1,-1,-1
55,11,868.9,138.4,125.0,294.3,0.8799999952316284,-1,-1,-1
55,19,323.1,151.4,86.2,182.1,0.8999999761581421,-1,-1,-1
55,5,529.1,134.7,29.3,82.6,0.8899999856948853,-1,-1,-1
55,6,586.8,141.9,37.0,95.4,0.8899999856948853,-1,-1,-1
55,13,616.0,148.7,26.6,66.8,0.8700000047683716,-1,-1,-1
55,10,561.2,145.0,27.0,71.9,0.8799999952316284,-1,-1,-1
55,34,470.3,139.9,18.4,49.4,0.6600000262260437,-1,-1,-1
55,35,459.4,145.8,18.8,44.5,0.7400000095367432,-1,-1,-1
56,8,768.5,114.4,129.0,330.7,0.8600000143051147,-1,-1,-1
56,11,894.2,141.6,129.5,295.9,0.8799999952316284,-1,-1,-1
56,19,304.5,150.8,85.9,181.6,0.6000000238418579,-1,-1,-1
56,5,531.0,133.9,29.5,84.2,0.8899999856948853,-1,-1,-1
56,6,590.2,141.7,37.0,96.4,0.8899999856948853,-1,-1,-1
56,13,617.8,149.1,26.5,67.4,0.8799999952316284,-1,-1,-1
56,10,562.2,144.7,27.2,72.9,0.8700000047683716,-1,-1,-1
56,34,468.2,140.3,18.2,49.1,0.7599999904632568,-1,-1,-1
56,35,458.0,145.2,18.7,44.7,0.7599999904632568,-1,-1,-1
56,18,433.9,143.8,18.8,45.6,0.6000000238418579,-1,-1,-1
57,8,801.6,111.4,129.3,333.3,0.8500000238418579,-1,-1,-1
57,11,918.1,141.2,134.9,300.7,0.8700000047683716,-1,-1,-1
57,19,285.1,152.9,84.6,179.1,0.8999999761581421,-1,-1,-1
57,5,533.3,134.5,29.1,84.2,0.8999999761581421,-1,-1,-1
57,6,594.1,143.3,36.5,95.4,0.9100000262260437,-1,-1,-1
57,13,619.4,149.8,26.2,67.3,0.8899999856948853,-1,-1,-1
57,10,564.1,145.8,27.4,73.0,0.8600000143051147,-1,-1,-1
57,34,466.6,139.6,18.2,49.7,0.7699999809265137,-1,-1,-1
57,35,456.2,145.5,18.4,44.6,0.7400000095367432,-1,-1,-1
58,8,824.4,110.6,134.0,349.4,0.8600000143051147,-1,-1,-1
58,11,951.2,136.8,139.6,316.6,0.8899999856948853,-1,-1,-1
58,19,269.7,153.9,84.7,177.3,0.9200000166893005,-1,-1,-1
58,5,534.8,135.2,28.9,84.2,0.8899999856948853,-1,-1,-1
58,6,597.1,143.6,37.0,97.3,0.9100000262260437,-1,-1,-1
58,13,621.5,149.1,26.3,68.1,0.8799999952316284,-1,-1,-1
58,10,566.6,145.8,27.9,73.3,0.8799999952316284,-1,-1,-1
58,34,464.6,139.6,18.3,49.7,0.7799999713897705,-1,-1,-1
58,35,454.5,145.7,17.6,43.4,0.6499999761581421,-1,-1,-1
59,8,844.6,113.4,138.2,355.9,0.8500000238418579,-1,-1,-1
59,11,975.4,132.8,141.4,328.7,0.8799999952316284,-1,-1,-1
59,19,253.8,152.8,82.0,173.6,0.9100000262260437,-1,-1,-1
59,5,536.4,135.3,28.9,85.0,0.8899999856948853,-1,-1,-1
59,6,600.6,143.2,37.2,98.9,0.9100000262260437,-1,-1,-1
59,13,624.6,148.1,26.7,69.5,0.8899999856948853,-1,-1,-1
59,10,567.7,145.1,28.7,74.3,0.8799999952316284,-1,-1,-1
59,34,463.3,140.0,18.4,49.8,0.699999988079071,-1,-1,-1
59,35,453.1,145.8,17.6,43.3,0.6000000238418579,-1,-1,-1
59,43,525.9,142.3,15.0,37.1,0.7400000095367432,-1,-1,-1
60,8,883.9,112.7,141.1,366.6,0.8399999737739563,-1,-1,-1
60,11,1004.7,132.4,142.3,333.4,0.8399999737739563,-1,-1,-1
60,19,240.8,150.4,79.2,173.4,0.8799999952316284,-1,-1,-1
60,5,538.0,134.3,29.1,86.3,0.9100000262260437,-1,-1,-1
60,6,604.4,141.6,37.9,101.5,0.9200000166893005,-1,-1,-1
60,13,627.2,147.9,27.3,70.6,0.8799999952316284,-1,-1,-1
60,10,568.1,143.9,29.6,76.4,0.8799999952316284,-1,-1,-1
60,34,461.9,140.1,18.4,49.9,0.6000000238418579,-1,-1,-1
60,35,451.5,145.4,18.3,45.6,0.6399999856948853,-1,-1,-1
60,43,524.4,142.0,15.3,37.8,0.699999988079071,-1,-1,-1
61,8,920.5,109.2,144.3,374.9,0.8399999737739563,-1,-1,-1
61,11,1034.2,135.7,142.4,335.8,0.8399999737739563,-1,-1,-1
61,19,228.1,150.6,78.3,173.9,0.8899999856948853,-1,-1,-1
61,5,538.9,133.7,29.5,87.9,0.8999999761581421,-1,-1,-1
61,6,607.5,142.1,38.3,102.1,0.9100000262260437,-1,-1,-1
61,13,629.5,148.4,27.5,70.5,0.8700000047683716,-1,-1,-1
61,10,569.1,144.2,29.7,76.6,0.8700000047683716,-1,-1,-1
61,34,460.7,140.9,18.4,49.9,0.6600000262260437,-1,-1,-1
61,35,449.9,145.6,18.3,46.3,0.6100000143051147,-1,-1,-1
61,43,522.8,142.0,15.0,37.2,0.7400000095367432,-1,-1,-1
62,8,946.5,103.8,148.1,386.4,0.8299999833106995,-1,-1,-1
62,11,1070.2,135.6,140.2,333.5,0.8399999737739563,-1,-1,-1
62,19,222.2,152.5,76.9,171.6,0.8799999952316284,-1,-1,-1
62,5,538.5,133.0,30.2,88.9,0.9100000262260437,-1,-1,-1
62,6,610.3,143.6,39.1,102.8,0.9200000166893005,-1,-1,-1
62,13,632.6,149.8,27.3,69.5,0.8600000143051147,-1,-1,-1
62,10,570.3,144.6,30.2,77.4,0.8600000143051147,-1,-1,-1
62,34,459.9,140.5,19.3,51.4,0.6600000262260437,-1,-1,-1
62,35,447.7,145.0,18.3,46.5,0.699999988079071,-1,-1,-1
62,43,521.2,142.0,15.3,37.8,0.800000011920929,-1,-1,-1
62,18,426.2,142.8,20.2,48.7,0.6000000238418579,-1,-1,-1
63,8,962.6,102.5,153.8,401.9,0.8500000238418579,-1,-1,-1
63,11,1104.4,131.0,148.0,360.2,0.8299999833106995,-1,-1,-1
63,19,206.3,152.3,76.4,170.5,0.6000000238418579,-1,-1,-1
63,5,537.8,134.4,30.8,88.5,0.8999999761581421,-1,-1,-1
63,6,613.8,144.6,39.8,104.1,0.9100000262260437,-1,-1,-1
63,13,634.3,149.4,27.8,71.0,0.8299999833106995,-1,-1,-1
63,10,571.7,144.7,30.9,78.2,0.8600000143051147,-1,-1,-1
63,34,457.7,140.3,19.1,51.4,0.6200000047683716,-1,-1,-1
63,35,446.2,145.1,18.4,46.8,0.6000000238418579,-1,-1,-1
63,43,519.7,142.4,15.6,38.5,0.7900000214576721,-1,-1,-1
64,8,982.6,105.6,158.5,412.3,0.8399999737739563,-1,-1,-1
64,11,1138.2,124.9,150.6,376.2,0.7599999904632568,-1,-1,-1
64,5,537.4,134.6,31.8,89.7,0.9200000166893005,-1,-1,-1
64,6,618.7,143.9,40.5,105.9,0.8999999761581421,-1,-1,-1
64,13,636.3,149.6,27.9,71.3,0.6000000238418579,-1,-1,-1
64,10,571.5,144.2,31.2,79.0,0.8700000047683716,-1,-1,-1
64,34,455.3,139.6,19.9,53.0,0.699999988079071,-1,-1,-1
64,43,518.3,142.5,15.8,38.7,0.7599999904632568,-1,-1,-1
65,8,1011.7,106.7,165.5,425.8,0.800000011920929,-1,-1,-1
65,11,1163.1,123.6,153.7,384.0,0.6000000238418579,-1,-1,-1
65,5,537.5,133.9,32.7,91.1,0.9100000262260437,-1,-1,-1
65,6,623.6,143.1,40.6,107.0,0.9200000166893005,-1,-1,-1
65,10,571.9,143.7,31.4,80.2,0.8799999952316284,-1,-1,-1
65,34,452.8,139.5,20.1,53.5,0.6899999976158142,-1,-1,-1
65,43,516.7,142.6,15.9,38.3,0.7799999713897705,-1,-1,-1
66,8,1046.7,103.5,173.9,448.4,0.7900000214576721,-1,-1,-1
66,5,540.7,132.9,32.7,92.3,0.8999999761581421,-1,-1,-1
66,6,628.5,144.0,40.9,107.9,0.9200000166893005,-1,-1,-1
66,10,573.8,144.2,31.4,80.5,0.8799999952316284,-1,-1,-1
66,34,450.3,140.4,20.2,53.1,0.6499999761581421,-1,-1,-1
66,43,515.4,142.4,16.2,38.6,0.7599999904632568,-1,-1,-1
67,8,1069.8,102.5,177.7,458.2,0.6000000238418579,-1,-1,-1
67,5,543.4,132.6,32.6,93.4,0.9100000262260437,-1,-1,-1
67,6,632.6,144.8,42.1,110.4,0.9300000071525574,-1,-1,-1
67,10,575.6,144.7,31.3,80.8,0.8899999856948853,-1,-1,-1
67,34,447.0,140.1,20.5,53.8,0.6000000238418579,-1,-1,-1
67,43,513.5,142.1,16.5,39.4,0.7599999904632568,-1,-1,-1
68,5,545.3,133.2,32.5,93.7,0.8999999761581421,-1,-1,-1
68,6,635.6,144.8,42.6,112.0,0.9200000166893005,-1,-1,-1
68,10,578.6,145.1,31.5,80.6,0.8799999952316284,-1,-1,-1
68,34,445.1,140.1,20.7,54.1,0.6000000238418579,-1,-1,-1
68,43,512.0,142.3,16.6,39.1,0.7599999904632568,-1,-1,-1
69,5,546.4,133.7,32.1,94.1,0.8899999856948853,-1,-1,-1
69,6,640.0,144.4,42.7,112.9,0.9100000262260437,-1,-1,-1
69,10,580.8,143.8,32.3,82.5,0.8899999856948853,-1,-1,-1
69,43,509.7,142.6,16.8,39.0,0.7699999809265137,-1,-1,-1
70,5,546.9,133.6,32.1,94.9,0.8999999761581421,-1,-1,-1
70,6,644.4,143.1,43.6,115.4,0.9100000262260437,-1,-1,-1
70,10,583.6,143.3,33.0,83.7,0.8899999856948853,-1,-1,-1
70,43,508.3,142.9,16.9,39.0,0.75,-1,-1,-1
71,5,547.5,132.9,32.6,96.3,0.8899999856948853,-1,-1,-1
71,6,649.6,144.5,44.5,116.3,0.8999999761581421,-1,-1,-1
71,10,585.0,144.3,33.1,83.4,0.8899999856948853,-1,-1,-1
71,43,507.1,142.9,16.8,38.7,0.6399999856948853,-1,-1,-1
71,36,650.1,150.0,25.6,76.5,0.699999988079071,-1,-1,-1
72,5,547.8,131.7,33.0,97.7,0.8999999761581421,-1,-1,-1
72,6,654.6,145.3,46.2,119.1,0.9100000262260437,-1,-1,-1
72,10,587.3,145.3,33.4,83.2,0.8899999856948853,-1,-1,-1
72,43,504.9,142.7,16.8,38.7,0.7900000214576721,-1,-1,-1
72,36,652.0,150.1,26.3,76.6,0.8600000143051147,-1,-1,-1
73,5,545.7,131.8,34.1,98.6,0.9200000166893005,-1,-1,-1
73,6,660.3,145.8,47.5,121.1,0.8999999761581421,-1,-1,-1
73,10,590.4,145.5,33.9,83.5,0.8999999761581421,-1,-1,-1
73,43,503.3,142.8,16.9,39.3,0.7300000190734863,-1,-1,-1
73,36,654.6,149.5,27.4,77.6,0.8399999737739563,-1,-1,-1
74,5,544.6,132.5,35.2,99.7,0.9100000262260437,-1,-1,-1
74,6,667.8,145.0,48.0,122.8,0.9300000071525574,-1,-1,-1
74,10,592.8,143.9,35.4,86.2,0.8899999856948853,-1,-1,-1
74,43,501.5,142.7,17.2,39.6,0.8100000023841858,-1,-1,-1
74,36,656.4,149.0,28.2,78.2,0.8799999952316284,-1,-1,-1
75,5,543.5,132.4,36.7,101.8,0.9100000262260437,-1,-1,-1
75,6,674.5,144.1,48.0,124.2,0.9200000166893005,-1,-1,-1
75,10,596.6,143.3,36.1,87.3,0.8899999856948853,-1,-1,-1
75,43,500.0,143.4,17.2,39.0,0.7799999713897705,-1,-1,-1
75,13,657.4,149.0,31.7,79.8,0.6000000238418579,-1,-1,-1
76,5,544.8,132.3,37.3,102.8,0.9200000166893005,-1,-1,-1
76,6,682.6,144.9,48.7,125.1,0.9399999976158142,-1,-1,-1
76,10,598.9,144.0,35.8,87.1,0.9100000262260437,-1,-1,-1
76,43,498.5,144.0,17.2,38.5,0.7200000286102295,-1,-1,-1
76,13,658.8,149.6,31.8,79.5,0.8999999761581421,-1,-1,-1
77,5,548.6,131.7,36.9,103.4,0.8999999761581421,-1,-1,-1
77,6,686.9,146.3,50.3,127.8,0.9300000071525574,-1,-1,-1
77,10,602.9,145.0,36.4,87.5,0.8899999856948853,-1,-1,-1
77,43,496.0,143.5,17.6,39.3,0.8399999737739563,-1,-1,-1
77,13,661.1,149.3,32.2,80.6,0.9100000262260437,-1,-1,-1
77,12,523.0,146.2,14.6,35.7,0.699999988079071,-1,-1,-1
77,34,426.7,140.1,21.3,55.0,0.6000000238418579,-1,-1,-1
78,5,551.0,131.5,36.6,104.2,0.8999999761581421,-1,-1,-1
78,6,690.8,146.6,51.0,129.5,0.9300000071525574,-1,-1,-1
78,10,605.0,144.8,36.9,87.6,0.8999999761581421,-1,-1,-1
78,43,494.1,142.7,17.7,39.9,0.7699999809265137,-1,-1,-1
78,13,663.9,148.5,32.8,81.7,0.9100000262260437,-1,-1,-1
78,12,520.9,146.7,15.7,35.4,0.800000011920929,-1,-1,-1
78,34,425.1,140.1,21.7,55.2,0.7400000095367432,-1,-1,-1
79,5,553.6,132.6,35.7,103.5,0.9100000262260437,-1,-1,-1
79,6,698.5,144.8,51.1,132.0,0.9300000071525574,-1,-1,-1
79,10,605.9,144.1,37.5,88.8,0.9100000262260437,-1,-1,-1
79,43,492.5,143.3,17.4,39.4,0.7799999713897705,-1,-1,-1
79,13,666.6,148.8,33.6,82.5,0.9200000166893005,-1,-1,-1
79,12,519.0,147.5,16.4,34.7,0.800000011920929,-1,-1,-1
79,34,424.1,140.2,21.5,54.3,0.699999988079071,-1,-1,-1
80,5,554.8,133.5,35.4,104.3,0.8999999761581421,-1,-1,-1
80,6,706.3,144.1,51.6,135.2,0.9300000071525574,-1,-1,-1
80,10,607.7,143.7,38.4,90.1,0.9100000262260437,-1,-1,-1
80,43,490.5,142.4,17.8,40.5,0.7400000095367432,-1,-1,-1
80,13,669.7,149.8,34.0,82.8,0.9200000166893005,-1,-1,-1
80,12,517.2,147.5,16.5,34.7,0.6499999761581421,-1,-1,-1
80,34,421.5,139.1,21.6,55.5,0.699999988079071,-1,-1,-1
81,5,556.4,133.1,35.7,106.4,0.8999999761581421,-1,-1,-1
81,6,712.7,145.1,52.5,137.0,0.9200000166893005,-1,-1,-1
81,10,610.1,143.7,39.7,91.9,0.8899999856948853,-1,-1,-1
81,43,488.6,142.6,18.1,41.5,0.7400000095367432,-1,-1,-1
81,13,671.8,150.5,34.3,82.8,0.9100000262260437,-1,-1,-1
81,12,514.3,146.5,16.7,35.8,0.699999988079071,-1,-1,-1
81,34,419.5,138.1,21.4,55.6,0.6299999952316284,-1,-1,-1
82,5,558.4,131.4,36.3,108.8,0.9100000262260437,-1,-1,-1
82,6,718.6,146.8,54.4,140.3,0.9300000071525574,-1,-1,-1
82,10,610.5,145.1,40.5,92.6,0.8999999761581421,-1,-1,-1
82,43,486.7,142.7,18.0,41.3,0.7799999713897705,-1,-1,-1
82,13,673.2,150.3,34.8,83.4,0.9100000262260437,-1,-1,-1
82,12,511.8,147.1,16.4,35.4,0.7200000286102295,-1,-1,-1
82,34,418.2,139.6,20.8,54.0,0.7200000286102295,-1,-1,-1
83,5,560.0,130.6,36.6,110.0,0.9100000262260437,-1,-1,-1
83,6,725.8,146.8,55.8,142.9,0.9399999976158142,-1,-1,-1
83,10,612.0,144.9,41.1,93.6,0.9200000166893005,-1,-1,-1
83,43,484.8,143.0,17.6,40.8,0.7799999713897705,-1,-1,-1
83,13,674.9,149.9,35.2,84.2,0.9100000262260437,-1,-1,-1
83,12,508.2,147.7,16.5,35.3,0.7799999713897705,-1,-1,-1
83,34,415.9,140.4,20.8,53.8,0.800000011920929,-1,-1,-1
84,5,558.6,130.7,37.8,111.6,0.9300000071525574,-1,-1,-1
84,6,734.5,145.4,56.8,146.0,0.9300000071525574,-1,-1,-1
84,10,616.5,143.8,41.8,94.9,0.8899999856948853,-1,-1,-1
84,43,483.3,142.8,17.6,40.8,0.8100000023841858,-1,-1,-1
84,13,676.9,149.9,35.9,85.3,0.9200000166893005,-1,-1,-1
84,12,505.9,147.8,16.8,35.6,0.8199999928474426,-1,-1,-1
84,34,414.2,140.4,21.0,53.7,0.7099999785423279,-1,-1,-1
85,5,558.2,131.9,38.9,112.1,0.9200000166893005,-1,-1,-1
85,6,741.9,144.8,57.0,148.3,0.9399999976158142,-1,-1,-1
85,10,620.2,144.1,41.7,95.7,0.8999999761581421,-1,-1,-1
85,43,480.8,142.5,18.0,41.1,0.75,-1,-1,-1
85,13,678.9,150.3,36.9,86.9,0.9200000166893005,-1,-1,-1
85,12,503.7,147.6,16.9,36.5,0.7200000286102295,-1,-1,-1
85,34,411.9,140.3,21.4,55.3,0.7200000286102295,-1,-1,-1
86,5,558.1,132.1,40.9,115.5,0.9100000262260437,-1,-1,-1
86,6,751.6,146.4,58.3,149.3,0.949999988079071,-1,-1,-1
86,10,623.5,145.3,41.8,96.4,0.9100000262260437,-1,-1,-1
86,43,478.5,143.0,18.4,41.4,0.7799999713897705,-1,-1,-1
86,13,681.0,150.3,37.6,88.0,0.9300000071525574,-1,-1,-1
86,12,502.2,147.7,16.9,36.5,0.6000000238418579,-1,-1,-1
86,34,409.9,140.3,21.4,55.4,0.6000000238418579,-1,-1,-1
87,5,560.7,131.2,41.3,115.6,0.9200000166893005,-1,-1,-1
87,6,756.5,147.8,60.4,152.7,0.9399999976158142,-1,-1,-1
87,10,626.5,146.0,42.5,97.7,0.8899999856948853,-1,-1,-1
87,43,477.4,143.0,18.5,41.3,0.7400000095367432,-1,-1,-1
87,13,684.2,150.1,38.1,88.2,0.9300000071525574,-1,-1,-1
88,5,567.2,130.1,40.9,116.6,0.9100000262260437,-1,-1,-1
88,6,760.4,147.6,61.8,157.0,0.9399999976158142,-1,-1,-1
88,10,627.1,145.0,43.6,99.5,0.9100000262260437,-1,-1,-1
88,43,475.5,143.0,18.3,41.0,0.6200000047683716,-1,-1,-1
88,13,688.0,149.8,39.1,89.3,0.9300000071525574,-1,-1,-1
88,12,496.0,148.1,17.0,36.1,0.6000000238418579,-1,-1,-1
89,5,572.8,130.6,41.1,117.7,0.9100000262260437,-1,-1,-1
89,6,770.7,145.8,61.8,160.5,0.9300000071525574,-1,-1,-1
89,10,627.9,144.4,44.4,100.4,0.9100000262260437,-1,-1,-1
89,43,472.2,142.9,18.4,41.8,0.7799999713897705,-1,-1,-1
89,13,692.0,150.1,40.1,90.3,0.9200000166893005,-1,-1,-1
89,12,493.9,148.3,17.2,35.9,0.800000011920929,-1,-1,-1
90,5,576.3,131.9,40.9,118.0,0.9200000166893005,-1,-1,-1
90,6,781.3,145.2,62.5,164.8,0.9300000071525574,-1,-1,-1
90,10,630.5,144.6,45.1,100.7,0.9100000262260437,-1,-1,-1
90,43,468.9,143.5,18.2,41.3,0.800000011920929,-1,-1,-1
90,13,695.8,151.2,40.8,91.3,0.9200000166893005,-1,-1,-1
90,12,492.8,148.0,17.4,36.5,0.6899999976158142,-1,-1,-1
91,5,578.2,131.7,41.4,121.1,0.9100000262260437,-1,-1,-1
91,6,790.7,147.6,63.7,166.1,0.9399999976158142,-1,-1,-1
91,10,632.5,145.6,45.9,101.2,0.8999999761581421,-1,-1,-1
91,43,466.3,143.7,18.3,41.3,0.8100000023841858,-1,-1,-1
91,13,699.3,151.9,40.8,91.1,0.9200000166893005,-1,-1,-1
91,12,490.7,148.1,17.1,36.5,0.6100000143051147,-1,-1,-1
92,5,581.0,130.7,41.7,123.7,0.9100000262260437,-1,-1,-1
92,6,798.7,149.7,66.3,170.7,0.949999988079071,-1,-1,-1
92,10,630.5,146.4,47.0,103.8,0.8999999761581421,-1,-1,-1
92,43,464.9,144.5,18.1,40.9,0.800000011920929,-1,-1,-1
92,13,702.4,151.1,41.4,92.5,0.9200000166893005,-1,-1,-1
92,12,488.9,148.3,17.1,36.5,0.6000000238418579,-1,-1,-1
93,5,584.6,130.0,41.7,124.7,0.9200000166893005,-1,-1,-1
93,6,810.5,149.8,68.4,175.3,0.9399999976158142,-1,-1,-1
93,10,631.0,146.3,47.5,104.6,0.9100000262260437,-1,-1,-1
93,43,462.4,144.4,18.2,41.0,0.75,-1,-1,-1
93,13,705.5,150.4,41.6,93.9,0.9100000262260437,-1,-1,-1
93,12,485.6,148.6,17.1,36.4,0.7900000214576721,-1,-1,-1
94,5,585.3,129.7,42.2,126.3,0.9300000071525574,-1,-1,-1
94,6,825.8,147.5,69.3,179.2,0.9200000166893005,-1,-1,-1
94,10,632.7,145.6,47.8,106.3,0.9100000262260437,-1,-1,-1
94,43,461.0,143.8,18.2,41.4,0.8100000023841858,-1,-1,-1
94,13,710.9,150.7,42.4,94.9,0.9200000166893005,-1,-1,-1
94,12,484.0,149.2,16.9,36.1,0.7900000214576721,-1,-1,-1
95,5,585.5,130.8,43.0,126.9,0.9200000166893005,-1,-1,-1
95,6,838.8,147.4,70.1,182.3,0.949999988079071,-1,-1,-1
95,10,635.5,146.0,47.4,107.1,0.8999999761581421,-1,-1,-1
95,43,458.1,143.4,18.6,42.2,0.7599999904632568,-1,-1,-1
95,13,714.2,151.4,42.7,95.8,0.9200000166893005,-1,-1,-1
95,12,482.1,148.2,17.2,37.2,0.6700000166893005,-1,-1,-1
96,5,584.8,131.7,44.6,129.5,0.9200000166893005,-1,-1,-1
96,6,853.3,149.8,73.7,183.9,0.9599999785423279,-1,-1,-1
96,10,639.6,146.9,48.3,110.1,0.8799999952316284,-1,-1,-1
96,43,456.0,143.4,18.7,42.3,0.6000000238418579,-1,-1,-1
96,13,717.6,151.6,42.9,96.7,0.9100000262260437,-1,-1,-1
96,12,480.2,148.2,17.3,37.3,0.6000000238418579,-1,-1,-1
97,5,587.1,131.5,45.6,131.1,0.9100000262260437,-1,-1,-1
97,6,860.1,151.1,78.8,190.8,0.949999988079071,-1,-1,-1
97,10,644.0,148.0,49.0,111.2,0.8799999952316284,-1,-1,-1
97,13,721.6,151.0,43.3,97.7,0.9200000166893005,-1,-1,-1
97,12,477.7,147.6,17.5,38.4,0.75,-1,-1,-1
97,52,443.4,145.4,23.0,44.8,0.6800000071525574,-1,-1,-1
98,5,593.2,130.2,45.8,133.4,0.9300000071525574,-1,-1,-1
98,6,868.1,150.4,81.3,196.1,0.949999988079071,-1,-1,-1
98,10,644.2,147.8,49.2,112.6,0.9200000166893005,-1,-1,-1
98,13,726.9,150.9,44.1,99.2,0.9300000071525574,-1,-1,-1
98,12,474.9,148.0,17.4,37.7,0.7900000214576721,-1,-1,-1
98,52,446.1,145.3,22.9,44.5,0.7099999785423279,-1,-1,-1
98,53,546.1,140.5,20.2,44.5,0.6299999952316284,-1,-1,-1
99,5,598.9,129.9,45.7,135.0,0.9300000071525574,-1,-1,-1
99,6,885.8,147.7,81.2,200.5,0.9300000071525574,-1,-1,-1
99,10,645.6,147.1,50.0,114.7,0.9200000166893005,-1,-1,-1
99,13,732.1,151.9,45.1,100.5,0.9200000166893005,-1,-1,-1
99,12,472.4,148.3,17.7,37.7,0.7400000095367432,-1,-1,-1
99,53,545.5,141.2,19.6,43.2,0.7200000286102295,-1,-1,-1
100,5,605.0,130.9,46.0,135.8,0.9300000071525574,-1,-1,-1
100,6,902.7,146.9,82.4,206.7,0.9399999976158142,-1,-1,-1
100,10,647.6,147.6,50.9,117.2,0.9200000166893005,-1,-1,-1
100,13,736.7,152.8,45.9,101.5,0.9300000071525574,-1,-1,-1
100,12,470.0,148.2,18.1,37.9,0.7200000286102295,-1,-1,-1
100,53,545.9,141.1,19.7,43.7,0.7400000095367432,-1,-1,-1
101,5,607.8,132.6,46.1,137.5,0.9300000071525574,-1,-1,-1
101,6,921.4,149.1,86.4,210.4,0.9399999976158142,-1,-1,-1
101,10,650.0,149.2,51.7,119.4,0.9200000166893005,-1,-1,-1
101,13,740.1,152.3,46.6,102.9,0.9300000071525574,-1,-1,-1
101,12,467.2,148.4,17.8,37.8,0.6200000047683716,-1,-1,-1
101,53,546.8,141.2,19.5,43.4,0.6100000143051147,-1,-1,-1
102,5,610.1,132.6,46.7,140.1,0.9399999976158142,-1,-1,-1
102,6,934.5,150.1,91.9,217.7,0.9399999976158142,-1,-1,-1
102,10,651.0,149.9,51.8,121.3,0.9100000262260437,-1,-1,-1
102,13,743.6,152.2,46.7,103.3,0.9200000166893005,-1,-1,-1
102,12,461.8,146.7,19.7,41.8,0.7900000214576721,-1,-1,-1
102,53,547.4,141.4,19.2,43.1,0.7300000190734863,-1,-1,-1
102,34,441.6,145.5,17.0,41.6,0.6000000238418579,-1,-1,-1
103,5,611.8,131.6,47.4,141.8,0.9399999976158142,-1,-1,-1
103,6,952.0,149.0,94.8,224.6,0.9300000071525574,-1,-1,-1
103,10,655.7,149.0,51.8,121.9,0.9200000166893005,-1,-1,-1
103,13,748.8,152.6,47.5,104.3,0.9399999976158142,-1,-1,-1
103,12,460.9,146.1,20.3,43.0,0.8199999928474426,-1,-1,-1
103,53,547.0,141.2,19.3,43.8,0.699999988079071,-1,-1,-1
103,34,438.1,145.3,17.9,41.5,0.7699999809265137,-1,-1,-1
104,5,607.8,129.9,50.1,145.0,0.9399999976158142,-1,-1,-1
104,6,975.4,145.7,95.7,230.9,0.9100000262260437,-1,-1,-1
104,10,661.0,148.3,52.5,124.7,0.9100000262260437,-1,-1,-1
104,13,754.0,152.6,49.0,106.5,0.9399999976158142,-1,-1,-1
104,12,458.5,145.9,20.6,43.5,0.6000000238418579,-1,-1,-1
104,53,547.2,141.3,19.3,43.8,0.6000000238418579,-1,-1,-1
104,34,437.5,145.1,17.4,40.5,0.6600000262260437,-1,-1,-1
105,5,602.9,130.0,53.8,147.6,0.9300000071525574,-1,-1,-1
105,6,999.0,145.3,99.0,235.4,0.9300000071525574,-1,-1,-1
105,10,665.7,149.6,52.2,125.3,0.8899999856948853,-1,-1,-1
105,13,757.8,152.9,49.4,107.7,0.9399999976158142,-1,-1,-1
105,53,547.4,140.8,19.3,44.5,0.6700000166893005,-1,-1,-1
106,5,599.1,130.9,57.8,149.7,0.9399999976158142,-1,-1,-1
106,6,1021.9,147.6,105.9,236.8,0.9300000071525574,-1,-1,-1
106,10,672.4,151.1,54.2,128.5,0.8999999761581421,-1,-1,-1
106,13,762.5,152.5,49.6,108.7,0.9300000071525574,-1,-1,-1
106,53,547.3,141.0,19.2,44.2,0.6100000143051147,-1,-1,-1
106,12,455.4,148.3,18.2,39.3,0.6000000238418579,-1,-1,-1
107,5,597.3,132.0,61.5,152.9,0.9399999976158142,-1,-1,-1
107,6,1028.6,148.9,111.0,241.0,0.9300000071525574,-1,-1,-1
107,10,676.3,151.3,55.4,130.4,0.8999999761581421,-1,-1,-1
107,13,769.2,152.0,50.0,110.3,0.9300000071525574,-1,-1,-1
107,53,546.1,141.1,19.3,44.5,0.75,-1,-1,-1
107,56,475.9,144.4,17.8,44.1,0.800000011920929,-1,-1,-1
108,5,596.4,132.0,64.4,154.4,0.9399999976158142,-1,-1,-1
108,6,1045.1,146.0,114.8,248.6,0.9100000262260437,-1,-1,-1
108,10,678.1,150.1,56.3,132.3,0.9100000262260437,-1,-1,-1
108,13,776.5,153.0,50.9,112.5,0.9300000071525574,-1,-1,-1
108,53,545.7,141.1,19.0,44.3,0.8100000023841858,-1,-1,-1
108,56,477.5,144.8,17.8,43.6,0.8500000238418579,-1,-1,-1
108,34,428.5,144.5,19.8,45.2,0.6600000262260437,-1,-1,-1
109,5,602.0,130.6,66.2,157.1,0.9300000071525574,-1,-1,-1
109,6,1072.0,142.5,116.9,259.5,0.8700000047683716,-1,-1,-1
109,10,682.4,149.6,58.4,136.1,0.8899999856948853,-1,-1,-1
109,13,783.2,154.5,51.5,113.8,0.9300000071525574,-1,-1,-1
109,53,545.7,141.0,18.7,43.8,0.7400000095367432,-1,-1,-1
109,56,479.6,144.7,18.4,44.5,0.75,-1,-1,-1
109,34,426.4,145.2,20.4,45.7,0.7200000286102295,-1,-1,-1
109,12,447.4,149.9,18.5,38.3,0.6000000238418579,-1,-1,-1
110,5,614.9,130.8,65.2,159.2,0.949999988079071,-1,-1,-1
110,6,1100.4,142.0,116.8,265.0,0.8999999761581421,-1,-1,-1
110,10,686.9,151.0,60.6,139.8,0.9100000262260437,-1,-1,-1
110,13,789.2,155.1,51.7,114.7,0.9300000071525574,-1,-1,-1
110,53,545.5,141.3,18.4,43.4,0.8100000023841858,-1,-1,-1
110,56,482.5,145.3,17.8,42.9,0.7699999809265137,-1,-1,-1
110,34,423.8,145.2,19.8,45.2,0.7200000286102295,-1,-1,-1
110,12,444.6,150.8,18.9,38.1,0.7599999904632568,-1,-1,-1
111,5,623.2,131.9,64.5,161.9,0.9300000071525574,-1,-1,-1
111,6,1126.0,145.0,118.4,266.0,0.8299999833106995,-1,-1,-1
111,10,688.1,152.2,61.6,142.9,0.9100000262260437,-1,-1,-1
111,13,793.4,154.1,52.1,116.4,0.9200000166893005,-1,-1,-1
111,53,546.0,141.3,18.4,43.9,0.800000011920929,-1,-1,-1
111,56,484.4,145.5,17.6,42.6,0.6000000238418579,-1,-1,-1
111,34,420.8,145.0,19.5,44.6,0.7200000286102295,-1,-1,-1
111,12,441.9,150.3,19.1,38.5,0.699999988079071,-1,-1,-1
112,5,628.5,132.7,64.4,166.0,0.9399999976158142,-1,-1,-1
112,6,1147.0,150.7,119.9,261.6,0.7200000286102295,-1,-1,-1
112,10,691.4,152.6,61.7,143.6,0.9200000166893005,-1,-1,-1
112,13,797.4,153.7,52.5,118.1,0.9300000071525574,-1,-1,-1
112,53,546.5,141.2,18.3,44.1,0.7599999904632568,-1,-1,-1
112,56,488.0,144.7,17.9,43.2,0.7699999809265137,-1,-1,-1
112,34,419.6,145.5,19.0,43.9,0.6700000166893005,-1,-1,-1
112,12,438.1,150.0,19.4,39.2,0.6399999856948853,-1,-1,-1
113,5,632.6,132.4,63.9,168.6,0.9300000071525574,-1,-1,-1
113,6,1165.1,151.1,121.7,265.5,0.6000000238418579,-1,-1,-1
113,10,696.8,151.4,62.0,145.7,0.9200000166893005,-1,-1,-1
113,13,804.9,154.4,54.3,120.1,0.949999988079071,-1,-1,-1
113,53,547.0,141.2,18.3,44.6,0.7599999904632568,-1,-1,-1
113,56,491.2,144.6,18.0,43.0,0.8199999928474426,-1,-1,-1
113,34,417.3,145.7,19.0,43.8,0.6499999761581421,-1,-1,-1
113,12,435.5,150.2,19.4,39.2,0.6000000238418579,-1,-1,-1
114,5,637.1,130.9,63.6,171.7,0.9399999976158142,-1,-1,-1
114,10,705.3,151.6,63.4,148.4,0.8899999856948853,-1,-1,-1
114,13,810.2,154.9,55.9,122.1,0.9399999976158142,-1,-1,-1
114,53,547.9,141.1,17.9,44.4,0.7599999904632568,-1,-1,-1
114,56,493.0,144.4,18.3,43.0,0.8500000238418579,-1,-1,-1
114,34,413.5,144.9,19.4,44.3,0.6700000166893005,-1,-1,-1
114,12,433.7,150.3,19.4,39.3,0.6600000262260437,-1,-1,-1
115,5,638.3,129.9,64.3,175.3,0.9399999976158142,-1,-1,-1
115,10,711.1,154.1,65.7,151.6,0.9200000166893005,-1,-1,-1
115,13,814.3,154.7,56.8,124.1,0.9300000071525574,-1,-1,-1
115,53,548.4,141.5,17.5,43.7,0.6200000047683716,-1,-1,-1
115,56,495.0,143.9,18.5,43.5,0.800000011920929,-1,-1,-1
115,34,411.8,144.8,19.5,44.5,0.6000000238418579,-1,-1,-1
115,12,431.2,150.4,19.4,39.4,0.6000000238418579,-1,-1,-1
116,5,634.4,130.8,66.5,178.5,0.9300000071525574,-1,-1,-1
116,10,716.1,155.5,67.5,154.1,0.8799999952316284,-1,-1,-1
116,13,820.7,153.8,57.8,125.7,0.9399999976158142,-1,-1,-1
116,53,549.0,141.1,17.5,44.2,0.6899999976158142,-1,-1,-1
116,56,498.0,143.6,18.3,43.7,0.75,-1,-1,-1
117,5,632.7,132.6,69.1,182.4,0.9300000071525574,-1,-1,-1
117,10,722.0,154.5,69.3,156.7,0.8899999856948853,-1,-1,-1
117,13,828.9,153.6,59.5,128.5,0.9399999976158142,-1,-1,-1
117,53,549.4,141.0,17.7,44.9,0.7200000286102295,-1,-1,-1
117,56,501.4,143.6,18.1,43.3,0.800000011920929,-1,-1,-1
118,5,635.8,133.5,70.8,185.5,0.9399999976158142,-1,-1,-1
118,10,719.3,153.9,69.2,159.2,0.8999999761581421,-1,-1,-1
118,13,839.0,155.8,60.1,127.9,0.9399999976158142,-1,-1,-1
118,53,550.9,140.9,17.9,45.3,0.7699999809265137,-1,-1,-1
118,56,504.7,143.7,18.2,42.9,0.8299999833106995,-1,-1,-1
119,5,645.2,131.5,71.8,191.8,0.9300000071525574,-1,-1,-1
119,10,723.7,155.3,70.4,162.6,0.9200000166893005,-1,-1,-1
119,13,847.3,157.2,61.8,130.6,0.9399999976158142,-1,-1,-1
119,53,552.1,140.9,17.8,45.6,0.7900000214576721,-1,-1,-1
119,56,507.1,144.0,18.5,42.5,0.8399999737739563,-1,-1,-1
120,5,656.5,130.4,70.9,195.0,0.9300000071525574,-1,-1,-1
120,10,726.8,157.7,72.9,169.9,0.9200000166893005,-1,-1,-1
120,13,855.3,157.1,62.7,132.7,0.9399999976158142,-1,-1,-1
120,53,552.6,140.9,17.6,45.6,0.800000011920929,-1,-1,-1
120,56,509.3,143.7,18.7,42.2,0.8199999928474426,-1,-1,-1
121,5,666.4,131.8,70.4,197.0,0.9399999976158142,-1,-1,-1
121,10,731.3,160.7,73.1,171.5,0.9100000262260437,-1,-1,-1
121,13,862.9,156.2,63.4,135.1,0.9300000071525574,-1,-1,-1
121,53,553.8,141.0,17.2,44.6,0.7900000214576721,-1,-1,-1
121,56,512.2,143.6,18.4,41.6,0.8199999928474426,-1,-1,-1
121,34,397.4,145.9,20.9,47.8,0.6000000238418579,-1,-1,-1
121,12,416.1,150.2,20.4,41.7,0.6000000238418579,-1,-1,-1
122,5,673.8,133.4,72.0,202.0,0.9300000071525574,-1,-1,-1
122,10,734.8,160.7,73.2,173.4,0.8999999761581421,-1,-1,-1
122,13,873.7,155.8,64.8,137.9,0.9399999976158142,-1,-1,-1
122,53,554.9,140.9,17.6,45.3,0.7400000095367432,-1,-1,-1
122,56,515.3,143.7,18.1,41.4,0.6399999856948853,-1,-1,-1
123,5,677.1,134.5,72.7,206.6,0.9200000166893005,-1,-1,-1
123,10,741.2,159.6,73.8,178.1,0.9100000262260437,-1,-1,-1
123,13,887.0,157.2,66.6,139.0,0.949999988079071,-1,-1,-1
123,53,555.3,141.0,17.6,45.5,0.7300000190734863,-1,-1,-1
123,56,518.3,144.3,17.9,41.2,0.7300000190734863,-1,-1,-1
124,5,683.2,133.2,73.5,212.1,0.9399999976158142,-1,-1,-1
124,10,749.7,160.9,74.8,180.8,0.9300000071525574,-1,-1,-1
124,13,893.9,158.0,68.7,142.9,0.9399999976158142,-1,-1,-1
124,53,556.0,141.1,17.5,45.4,0.7599999904632568,-1,-1,-1
124,56,520.9,145.0,17.5,40.0,0.7699999809265137,-1,-1,-1
125,5,691.0,130.7,73.0,214.4,0.9399999976158142,-1,-1,-1
125,10,755.5,163.2,78.6,188.3,0.9300000071525574,-1,-1,-1
125,13,902.6,157.5,68.9,145.2,0.9300000071525574,-1,-1,-1
125,53,556.4,141.3,17.3,44.9,0.75,-1,-1,-1
125,56,522.8,146.1,17.1,38.9,0.7200000286102295,-1,-1,-1
126,5,689.9,130.7,76.2,221.3,0.949999988079071,-1,-1,-1
126,10,762.3,164.1,80.7,191.6,0.9300000071525574,-1,-1,-1
126,13,915.5,156.2,70.4,148.7,0.9300000071525574,-1,-1,-1
126,53,556.9,141.3,17.3,44.9,0.6000000238418579,-1,-1,-1
126,56,525.4,146.4,16.9,38.4,0.6000000238418579,-1,-1,-1
126,34,387.5,146.9,20.6,47.3,0.6000000238418579,-1,-1,-1
127,5,689.8,132.7,82.0,232.3,0.9300000071525574,-1,-1,-1
127,10,774.0,162.3,81.6,195.0,0.9300000071525574,-1,-1,-1
127,13,930.2,157.4,71.7,150.6,0.9300000071525574,-1,-1,-1
127,53,556.6,141.3,17.2,44.9,0.6600000262260437,-1,-1,-1
128,5,689.5,133.8,85.1,235.4,0.9200000166893005,-1,-1,-1
128,10,781.7,160.7,84.1,201.9,0.9300000071525574,-1,-1,-1
128,13,942.4,159.0,74.2,153.7,0.9399999976158142,-1,-1,-1
128,53,556.8,141.3,17.2,44.9,0.7200000286102295,-1,-1,-1
128,56,531.4,144.7,17.8,40.4,0.6000000238418579,-1,-1,-1
129,5,694.9,132.4,88.6,242.7,0.9200000166893005,-1,-1,-1
129,10,788.9,161.7,86.4,207.6,0.9300000071525574,-1,-1,-1
129,13,954.3,159.2,75.6,157.0,0.9200000166893005,-1,-1,-1
129,53,556.8,141.4,17.3,45.1,0.7099999785423279,-1,-1,-1
130,5,711.8,129.3,87.4,244.0,0.9399999976158142,-1,-1,-1
130,10,798.2,163.5,86.2,205.6,0.9200000166893005,-1,-1,-1
130,13,963.9,158.3,75.3,158.2,0.9200000166893005,-1,-1,-1
130,53,556.9,141.4,17.1,44.5,0.6899999976158142,-1,-1,-1
130,56,535.1,143.4,18.5,41.6,0.6000000238418579,-1,-1,-1
131,5,725.9,127.4,86.3,246.9,0.9399999976158142,-1,-1,-1
131,10,806.6,162.9,89.8,213.5,0.9300000071525574,-1,-1,-1
131,13,976.8,158.0,77.1,162.2,0.9399999976158142,-1,-1,-1
131,53,556.9,141.7,17.0,44.3,0.7599999904632568,-1,-1,-1
131,56,537.4,143.4,18.4,41.1,0.7699999809265137,-1,-1,-1
132,5,739.2,128.2,88.1,254.1,0.9300000071525574,-1,-1,-1
132,10,818.1,160.5,93.4,223.5,0.9200000166893005,-1,-1,-1
132,13,994.1,159.2,79.9,164.0,0.949999988079071,-1,-1,-1
132,53,556.7,141.8,16.8,43.8,0.699999988079071,-1,-1,-1
132,56,540.6,143.1,18.1,41.1,0.7200000286102295,-1,-1,-1
133,5,750.2,129.4,90.8,260.6,0.9300000071525574,-1,-1,-1
133,10,827.0,160.8,97.2,231.6,0.9200000166893005,-1,-1,-1
133,13,1003.1,159.4,83.5,169.0,0.949999988079071,-1,-1,-1
133,53,556.5,141.8,17.0,44.2,0.7200000286102295,-1,-1,-1
133,56,543.4,143.1,18.0,41.6,0.6800000071525574,-1,-1,-1
134,5,755.6,127.3,93.1,266.8,0.9300000071525574,-1,-1,-1
134,10,835.5,162.3,99.9,233.1,0.9100000262260437,-1,-1,-1
134,13,1011.6,159.0,85.1,172.9,0.9399999976158142,-1,-1,-1
134,53,556.8,141.6,17.0,44.2,0.7200000286102295,-1,-1,-1
134,56,545.9,143.3,17.8,41.5,0.7699999809265137,-1,-1,-1
135,5,762.6,122.8,94.6,275.7,0.9200000166893005,-1,-1,-1
135,10,847.9,163.5,102.4,233.2,0.9200000166893005,-1,-1,-1
135,13,1025.2,158.1,86.3,175.3,0.9300000071525574,-1,-1,-1
135,53,556.9,141.7,16.9,43.9,0.6600000262260437,-1,-1,-1
135,56,547.6,143.3,17.6,41.2,0.6100000143051147,-1,-1,-1
136,5,772.5,119.5,96.2,285.3,0.9200000166893005,-1,-1,-1
136,10,865.1,161.8,106.6,241.0,0.9100000262260437,-1,-1,-1
136,13,1043.2,158.9,90.2,181.1,0.9399999976158142,-1,-1,-1
136,53,557.1,141.7,16.8,43.8,0.6000000238418579,-1,-1,-1
136,56,550.0,143.2,17.6,41.2,0.6000000238418579,-1,-1,-1
137,5,774.5,118.8,99.3,290.8,0.9200000166893005,-1,-1,-1
137,10,885.8,158.9,109.8,248.6,0.9200000166893005,-1,-1,-1
137,13,1062.5,161.3,92.6,182.7,0.949999988079071,-1,-1,-1
137,53,555.8,141.5,17.0,44.2,0.6000000238418579,-1,-1,-1
138,5,776.7,121.1,103.1,294.6,0.9300000071525574,-1,-1,-1
138,10,902.8,158.8,111.0,249.3,0.9200000166893005,-1,-1,-1
138,13,1078.9,161.3,95.8,187.8,0.9399999976158142,-1,-1,-1
138,53,555.9,141.4,16.9,44.2,0.75,-1,-1,-1
139,5,780.6,120.4,107.5,297.8,0.9100000262260437,-1,-1,-1
139,10,916.1,160.5,116.3,257.0,0.8899999856948853,-1,-1,-1
139,13,1093.8,160.0,96.8,191.1,0.9399999976158142,-1,-1,-1
139,53,556.0,141.4,16.9,44.2,0.6000000238418579,-1,-1,-1
140,5,792.6,116.4,110.2,299.5,0.8999999761581421,-1,-1,-1
140,10,934.2,160.6,120.0,260.7,0.8999999761581421,-1,-1,-1
140,13,1112.5,159.0,97.8,194.3,0.949999988079071,-1,-1,-1
141,5,810.7,110.5,119.0,328.2,0.9100000262260437,-1,-1,-1
141,10,952.2,157.8,132.8,290.0,0.9100000262260437,-1,-1,-1
141,13,1134.2,159.7,100.2,197.0,0.8899999856948853,-1,-1,-1
142,5,834.1,107.5,120.1,337.7,0.8999999761581421,-1,-1,-1
142,10,976.4,156.0,136.8,301.0,0.8799999952316284,-1,-1,-1
142,13,1147.9,160.3,100.7,194.4,0.8700000047683716,-1,-1,-1
143,5,852.0,108.4,124.5,354.5,0.8600000143051147,-1,-1,-1
143,10,995.1,157.8,140.2,306.7,0.8500000238418579,-1,-1,-1
143,13,1162.0,160.5,102.0,196.9,0.6000000238418579,-1,-1,-1
144,5,872.7,109.1,131.7,370.5,0.8500000238418579,-1,-1,-1
144,10,1014.0,160.4,145.8,316.2,0.8199999928474426,-1,-1,-1
144,53,557.8,141.1,17.1,44.6,0.6000000238418579,-1,-1,-1
145,5,897.5,106.9,135.1,381.6,0.8799999952316284,-1,-1,-1
145,10,1051.4,161.5,151.0,327.7,0.8700000047683716,-1,-1,-1
145,53,558.1,141.1,17.4,44.9,0.6600000262260437,-1,-1,-1
